API_UWI,TVD_FT,LateralLength_FT,ENVOperator,WellName,ProducingMonth,TotalProdMonths,ProducingDays,LiquidsProd_BBL,GasProd_MCF,WaterProd_BBL
42-317-40940,8577,7450,"VENCER ENERGY, LLC",MCMURRY-CRIM 50 105HA,2018-05-01,1,31,369,256,521
42-317-40940,8577,7450,"VENCER ENERGY, LLC",MCMURRY-CRIM 50 105HA,2018-06-01,2,30,9046,7205,13550
42-317-40940,8577,7450,"VENCER ENERGY, LLC",MCMURRY-CRIM 50 105HA,2018-07-01,3,31,8277,9401,12466
42-317-40940,8577,7450,"VENCER ENERGY, LLC",MCMURRY-CRIM 50 105HA,2018-08-01,4,31,8645,10927,13092
42-317-40940,8577,7450,"VENCER ENERGY, LLC",MCMURRY-CRIM 50 105HA,2018-09-01,5,30,7093,10786,10800
42-317-40940,8577,7450,"VENCER ENERGY, LLC",MCMURRY-CRIM 50 105HA,2018-10-01,6,31,5413,10057,8287
42-317-40940,8577,7450,"VENCER ENERGY, LLC",MCMURRY-CRIM 50 105HA,2018-11-01,7,30,4787,6055,7369
42-317-40940,8577,7450,"VENCER ENERGY, LLC",MCMURRY-CRIM 50 105HA,2018-12-01,8,31,4475,10282,6926
42-317-40940,8577,7450,"VENCER ENERGY, LLC",MCMURRY-CRIM 50 105HA,2019-01-01,9,31,3636,9938,5659
42-317-40940,8577,7450,"VENCER ENERGY, LLC",MCMURRY-CRIM 50 105HA,2019-02-01,10,28,2402,8112,3757
42-317-40940,8577,7450,"VENCER ENERGY, LLC",MCMURRY-CRIM 50 105HA,2019-03-01,11,31,3182,7280,5003
42-317-40940,8577,7450,"VENCER ENERGY, LLC",MCMURRY-CRIM 50 105HA,2019-04-01,12,30,3400,9196,5375
42-317-40940,8577,7450,"VENCER ENERGY, LLC",MCMURRY-CRIM 50 105HA,2019-05-01,13,31,2931,6725,4659
42-317-40940,8577,7450,"VENCER ENERGY, LLC",MCMURRY-CRIM 50 105HA,2019-06-01,14,30,2854,8404,4561
42-317-40940,8577,7450,"VENCER ENERGY, LLC",MCMURRY-CRIM 50 105HA,2019-07-01,15,31,2471,7467,3970
42-317-40940,8577,7450,"VENCER ENERGY, LLC",MCMURRY-CRIM 50 105HA,2019-08-01,16,31,3467,11162,5603
42-317-40940,8577,7450,"VENCER ENERGY, LLC",MCMURRY-CRIM 50 105HA,2019-09-01,17,30,3105,12260,5045
42-317-40940,8577,7450,"VENCER ENERGY, LLC",MCMURRY-CRIM 50 105HA,2019-10-01,18,31,3114,11886,5086
42-317-40940,8577,7450,"VENCER ENERGY, LLC",MCMURRY-CRIM 50 105HA,2019-11-01,19,30,2550,11296,4189
42-317-40940,8577,7450,"VENCER ENERGY, LLC",MCMURRY-CRIM 50 105HA,2019-12-01,20,31,2073,10484,3423
42-317-40940,8577,7450,"VENCER ENERGY, LLC",MCMURRY-CRIM 50 105HA,2020-01-01,21,31,2392,12469,3971
42-317-40940,8577,7450,"VENCER ENERGY, LLC",MCMURRY-CRIM 50 105HA,2020-02-01,22,29,1928,11585,3218
42-317-40940,8577,7450,"VENCER ENERGY, LLC",MCMURRY-CRIM 50 105HA,2020-03-01,23,31,1905,11876,3198
42-317-40940,8577,7450,"VENCER ENERGY, LLC",MCMURRY-CRIM 50 105HA,2020-04-01,24,30,1719,14219,2901
42-317-40940,8577,7450,"VENCER ENERGY, LLC",MCMURRY-CRIM 50 105HA,2020-05-01,25,31,1792,12146,3040
42-317-40940,8577,7450,"VENCER ENERGY, LLC",MCMURRY-CRIM 50 105HA,2020-06-01,26,30,1544,11829,2634
42-317-40940,8577,7450,"VENCER ENERGY, LLC",MCMURRY-CRIM 50 105HA,2020-07-01,27,31,1388,12367,2380
42-317-40940,8577,7450,"VENCER ENERGY, LLC",MCMURRY-CRIM 50 105HA,2020-08-01,28,31,1533,11904,2643
42-317-40940,8577,7450,"VENCER ENERGY, LLC",MCMURRY-CRIM 50 105HA,2020-09-01,29,30,1460,10825,2532
42-317-40940,8577,7450,"VENCER ENERGY, LLC",MCMURRY-CRIM 50 105HA,2020-10-01,30,31,1335,9476,2328
42-317-40940,8577,7450,"VENCER ENERGY, LLC",MCMURRY-CRIM 50 105HA,2020-11-01,31,30,1193,9624,2091
42-317-40940,8577,7450,"VENCER ENERGY, LLC",MCMURRY-CRIM 50 105HA,2020-12-01,32,31,1319,5218,2325
42-317-40940,8577,7450,"VENCER ENERGY, LLC",MCMURRY-CRIM 50 105HA,2021-01-01,33,31,1196,8002,2119
42-317-40940,8577,7450,"VENCER ENERGY, LLC",MCMURRY-CRIM 50 105HA,2021-02-01,34,28,615,6804,1095
42-317-40940,8577,7450,"VENCER ENERGY, LLC",MCMURRY-CRIM 50 105HA,2021-03-01,35,31,1159,10896,2076
42-317-40940,8577,7450,"VENCER ENERGY, LLC",MCMURRY-CRIM 50 105HA,2021-04-01,36,30,1137,9951,2046
42-317-40940,8577,7450,"VENCER ENERGY, LLC",MCMURRY-CRIM 50 105HA,2021-05-01,37,31,1047,10853,1896
42-317-40940,8577,7450,"VENCER ENERGY, LLC",MCMURRY-CRIM 50 105HA,2021-06-01,38,30,979,9650,1782
42-317-40940,8577,7450,"VENCER ENERGY, LLC",MCMURRY-CRIM 50 105HA,2021-07-01,39,31,925,11333,1693
42-317-40940,8577,7450,"VENCER ENERGY, LLC",MCMURRY-CRIM 50 105HA,2021-08-01,40,31,975,12053,1794
42-317-40940,8577,7450,"VENCER ENERGY, LLC",MCMURRY-CRIM 50 105HA,2021-09-01,41,30,844,13359,1561
42-317-40940,8577,7450,"VENCER ENERGY, LLC",MCMURRY-CRIM 50 105HA,2021-10-01,42,31,745,11631,1386
42-317-40940,8577,7450,"VENCER ENERGY, LLC",MCMURRY-CRIM 50 105HA,2021-11-01,43,30,670,10648,1254
42-317-40940,8577,7450,"VENCER ENERGY, LLC",MCMURRY-CRIM 50 105HA,2021-12-01,44,31,645,10948,1214
42-317-40940,8577,7450,"VENCER ENERGY, LLC",MCMURRY-CRIM 50 105HA,2022-01-01,45,31,607,11908,1148
42-317-40940,8577,7450,"VENCER ENERGY, LLC",MCMURRY-CRIM 50 105HA,2022-02-01,46,28,601,10513,1142
42-317-40940,8577,7450,"VENCER ENERGY, LLC",MCMURRY-CRIM 50 105HA,2022-03-01,47,31,686,12411,1311
42-317-40940,8577,7450,"VENCER ENERGY, LLC",MCMURRY-CRIM 50 105HA,2022-04-01,48,30,485,10240,931
42-317-40940,8577,7450,"VENCER ENERGY, LLC",MCMURRY-CRIM 50 105HA,2022-05-01,49,31,375,13168,724
42-317-40940,8577,7450,"VENCER ENERGY, LLC",MCMURRY-CRIM 50 105HA,2022-06-01,50,30,363,8573,704
42-317-40940,8577,7450,"VENCER ENERGY, LLC",MCMURRY-CRIM 50 105HA,2022-07-01,51,31,362,8341,706
42-317-40940,8577,7450,"VENCER ENERGY, LLC",MCMURRY-CRIM 50 105HA,2022-08-01,52,31,372,8330,731
42-317-40940,8577,7450,"VENCER ENERGY, LLC",MCMURRY-CRIM 50 105HA,2022-09-01,53,30,325,8076,641
42-317-40940,8577,7450,"VENCER ENERGY, LLC",MCMURRY-CRIM 50 105HA,2022-10-01,54,31,442,10543,877
42-317-41650,8649,10222,"VENCER ENERGY, LLC",TEXACO 41-MCMURRY B 40 104HB,2019-03-01,1,31,7756,6133,31375
42-317-41650,8649,10222,"VENCER ENERGY, LLC",TEXACO 41-MCMURRY B 40 104HB,2019-04-01,2,30,20309,15278,82562
42-317-41650,8649,10222,"VENCER ENERGY, LLC",TEXACO 41-MCMURRY B 40 104HB,2019-05-01,3,31,10419,12876,40877
42-317-41650,8649,10222,"VENCER ENERGY, LLC",TEXACO 41-MCMURRY B 40 104HB,2019-06-01,4,30,11587,21222,43871
42-317-41650,8649,10222,"VENCER ENERGY, LLC",TEXACO 41-MCMURRY B 40 104HB,2019-07-01,5,31,9290,16892,33947
42-317-41650,8649,10222,"VENCER ENERGY, LLC",TEXACO 41-MCMURRY B 40 104HB,2019-08-01,6,31,8242,19936,29046
42-317-41650,8649,10222,"VENCER ENERGY, LLC",TEXACO 41-MCMURRY B 40 104HB,2019-09-01,7,30,7412,15714,25211
42-317-41650,8649,10222,"VENCER ENERGY, LLC",TEXACO 41-MCMURRY B 40 104HB,2019-10-01,8,31,7644,16407,25090
42-317-41650,8649,10222,"VENCER ENERGY, LLC",TEXACO 41-MCMURRY B 40 104HB,2019-11-01,9,30,5917,16093,18742
42-317-41650,8649,10222,"VENCER ENERGY, LLC",TEXACO 41-MCMURRY B 40 104HB,2019-12-01,10,31,5612,14459,17156
42-317-41650,8649,10222,"VENCER ENERGY, LLC",TEXACO 41-MCMURRY B 40 104HB,2020-01-01,11,31,6312,16109,18611
42-317-41650,8649,10222,"VENCER ENERGY, LLC",TEXACO 41-MCMURRY B 40 104HB,2020-02-01,12,29,5673,14036,16151
42-317-41650,8649,10222,"VENCER ENERGY, LLC",TEXACO 41-MCMURRY B 40 104HB,2020-03-01,13,31,5300,14018,14573
42-317-41650,8649,10222,"VENCER ENERGY, LLC",TEXACO 41-MCMURRY B 40 104HB,2020-04-01,14,30,5204,13745,13807
42-317-41650,8649,10222,"VENCER ENERGY, LLC",TEXACO 41-MCMURRY B 40 104HB,2020-05-01,15,31,5770,15587,14774
42-317-41650,8649,10222,"VENCER ENERGY, LLC",TEXACO 41-MCMURRY B 40 104HB,2020-06-01,16,30,5053,14975,12486
42-317-41650,8649,10222,"VENCER ENERGY, LLC",TEXACO 41-MCMURRY B 40 104HB,2020-07-01,17,31,4767,15060,11369
42-317-41650,8649,10222,"VENCER ENERGY, LLC",TEXACO 41-MCMURRY B 40 104HB,2020-08-01,18,31,4459,14230,10257
42-317-41650,8649,10222,"VENCER ENERGY, LLC",TEXACO 41-MCMURRY B 40 104HB,2020-09-01,19,30,4082,13670,9062
42-317-41650,8649,10222,"VENCER ENERGY, LLC",TEXACO 41-MCMURRY B 40 104HB,2020-10-01,20,31,4228,13910,9058
42-317-41650,8649,10222,"VENCER ENERGY, LLC",TEXACO 41-MCMURRY B 40 104HB,2020-11-01,21,30,1005,3359,2078
42-317-41650,8649,10222,"VENCER ENERGY, LLC",TEXACO 41-MCMURRY B 40 104HB,2020-12-01,22,31,1042,5258,2079
42-317-41650,8649,10222,"VENCER ENERGY, LLC",TEXACO 41-MCMURRY B 40 104HB,2021-01-01,23,31,2317,6287,4459
42-317-41650,8649,10222,"VENCER ENERGY, LLC",TEXACO 41-MCMURRY B 40 104HB,2021-02-01,24,28,1615,3677,3002
42-317-41650,8649,10222,"VENCER ENERGY, LLC",TEXACO 41-MCMURRY B 40 104HB,2021-03-01,25,31,3809,7638,6843
42-317-41650,8649,10222,"VENCER ENERGY, LLC",TEXACO 41-MCMURRY B 40 104HB,2021-04-01,26,30,4026,9581,6979
42-317-41650,8649,10222,"VENCER ENERGY, LLC",TEXACO 41-MCMURRY B 40 104HB,2021-05-01,27,31,4401,10063,7363
42-317-41650,8649,10222,"VENCER ENERGY, LLC",TEXACO 41-MCMURRY B 40 104HB,2021-06-01,28,30,4130,10180,6669
42-317-41650,8649,10222,"VENCER ENERGY, LLC",TEXACO 41-MCMURRY B 40 104HB,2021-07-01,29,31,4124,11161,6427
42-317-41650,8649,10222,"VENCER ENERGY, LLC",TEXACO 41-MCMURRY B 40 104HB,2021-08-01,30,31,4029,12588,6055
42-317-41650,8649,10222,"VENCER ENERGY, LLC",TEXACO 41-MCMURRY B 40 104HB,2021-09-01,31,30,3322,9489,4818
42-317-41650,8649,10222,"VENCER ENERGY, LLC",TEXACO 41-MCMURRY B 40 104HB,2021-10-01,32,31,3816,8935,5342
42-317-41650,8649,10222,"VENCER ENERGY, LLC",TEXACO 41-MCMURRY B 40 104HB,2021-11-01,33,30,3502,9831,4731
42-317-41650,8649,10222,"VENCER ENERGY, LLC",TEXACO 41-MCMURRY B 40 104HB,2021-12-01,34,31,3607,9904,4702
42-317-41650,8649,10222,"VENCER ENERGY, LLC",TEXACO 41-MCMURRY B 40 104HB,2022-01-01,35,31,4110,9297,5167
42-317-41650,8649,10222,"VENCER ENERGY, LLC",TEXACO 41-MCMURRY B 40 104HB,2022-02-01,36,28,3704,7821,4500
42-317-41650,8649,10222,"VENCER ENERGY, LLC",TEXACO 41-MCMURRY B 40 104HB,2022-03-01,37,31,3525,8586,4137
42-317-41650,8649,10222,"VENCER ENERGY, LLC",TEXACO 41-MCMURRY B 40 104HB,2022-04-01,38,30,2885,7330,3268
42-317-41650,8649,10222,"VENCER ENERGY, LLC",TEXACO 41-MCMURRY B 40 104HB,2022-05-01,39,0,0,0,0
42-317-41650,8649,10222,"VENCER ENERGY, LLC",TEXACO 41-MCMURRY B 40 104HB,2022-06-01,40,30,179,1157,189
42-317-41650,8649,10222,"VENCER ENERGY, LLC",TEXACO 41-MCMURRY B 40 104HB,2022-07-01,41,31,368,340,374
42-317-41650,8649,10222,"VENCER ENERGY, LLC",TEXACO 41-MCMURRY B 40 104HB,2022-08-01,42,31,285,795,279
42-317-41650,8649,10222,"VENCER ENERGY, LLC",TEXACO 41-MCMURRY B 40 104HB,2022-09-01,43,30,728,1077,690
42-317-41650,8649,10222,"VENCER ENERGY, LLC",TEXACO 41-MCMURRY B 40 104HB,2022-10-01,44,31,1272,1746,1164
42-317-41650,8649,10222,"VENCER ENERGY, LLC",TEXACO 41-MCMURRY B 40 104HB,2022-11-01,45,30,1553,2369,1371
42-317-41789,8591,10354,EXXON,STRAIN 20 UNIT 2 2017AH,2019-10-01,1,31,11249,9950,15036
42-317-41789,8591,10354,EXXON,STRAIN 20 UNIT 2 2017AH,2019-11-01,2,30,33279,30085,44472
42-317-41789,8591,10354,EXXON,STRAIN 20 UNIT 2 2017AH,2019-12-01,3,31,22926,22715,30451
42-317-41789,8591,10354,EXXON,STRAIN 20 UNIT 2 2017AH,2020-01-01,4,31,20921,32583,27615
42-317-41789,8591,10354,EXXON,STRAIN 20 UNIT 2 2017AH,2020-02-01,5,29,14920,27842,19576
42-317-41789,8591,10354,EXXON,STRAIN 20 UNIT 2 2017AH,2020-03-01,6,31,15179,34627,19796
42-317-41789,8591,10354,EXXON,STRAIN 20 UNIT 2 2017AH,2020-04-01,7,30,12273,32178,15909
42-317-41789,8591,10354,EXXON,STRAIN 20 UNIT 2 2017AH,2020-05-01,8,31,5075,7932,6538
42-317-41789,8591,10354,EXXON,STRAIN 20 UNIT 2 2017AH,2020-06-01,9,30,12680,27853,16237
42-317-41789,8591,10354,EXXON,STRAIN 20 UNIT 2 2017AH,2020-07-01,10,31,9128,29098,11618
42-317-41789,8591,10354,EXXON,STRAIN 20 UNIT 2 2017AH,2020-08-01,11,31,7973,28598,10085
42-317-41789,8591,10354,EXXON,STRAIN 20 UNIT 2 2017AH,2020-09-01,12,30,6536,23845,8217
42-317-41789,8591,10354,EXXON,STRAIN 20 UNIT 2 2017AH,2020-10-01,13,31,6000,22739,7497
42-317-41789,8591,10354,EXXON,STRAIN 20 UNIT 2 2017AH,2020-11-01,14,30,5320,20203,6607
42-317-41789,8591,10354,EXXON,STRAIN 20 UNIT 2 2017AH,2020-12-01,15,31,4927,20184,6081
42-317-41789,8591,10354,EXXON,STRAIN 20 UNIT 2 2017AH,2021-01-01,16,31,3818,17145,4683
42-317-41789,8591,10354,EXXON,STRAIN 20 UNIT 2 2017AH,2021-02-01,17,28,407,2846,496
42-317-41789,8591,10354,EXXON,STRAIN 20 UNIT 2 2017AH,2021-03-01,18,31,306,1667,371
42-317-41789,8591,10354,EXXON,STRAIN 20 UNIT 2 2017AH,2021-04-01,19,30,1665,4533,2006
42-317-41789,8591,10354,EXXON,STRAIN 20 UNIT 2 2017AH,2021-05-01,20,31,3084,6011,3693
42-317-41789,8591,10354,EXXON,STRAIN 20 UNIT 2 2017AH,2021-06-01,21,30,3080,7340,3666
42-317-41789,8591,10354,EXXON,STRAIN 20 UNIT 2 2017AH,2021-07-01,22,31,4272,8918,5053
42-317-41789,8591,10354,EXXON,STRAIN 20 UNIT 2 2017AH,2021-08-01,23,31,3026,6707,3558
42-317-41789,8591,10354,EXXON,STRAIN 20 UNIT 2 2017AH,2021-09-01,24,30,4151,10286,4850
42-317-41789,8591,10354,EXXON,STRAIN 20 UNIT 2 2017AH,2021-10-01,25,31,4011,11460,4658
42-317-41789,8591,10354,EXXON,STRAIN 20 UNIT 2 2017AH,2021-11-01,26,30,3579,12463,4131
42-317-41789,8591,10354,EXXON,STRAIN 20 UNIT 2 2017AH,2021-12-01,27,31,3836,14962,4400
42-317-41789,8591,10354,EXXON,STRAIN 20 UNIT 2 2017AH,2022-01-01,28,31,3159,13274,3602
42-317-41789,8591,10354,EXXON,STRAIN 20 UNIT 2 2017AH,2022-02-01,29,28,2684,11544,3042
42-317-41789,8591,10354,EXXON,STRAIN 20 UNIT 2 2017AH,2022-03-01,30,31,3168,14733,3570
42-317-41789,8591,10354,EXXON,STRAIN 20 UNIT 2 2017AH,2022-04-01,31,30,2801,14535,3137
42-317-41789,8591,10354,EXXON,STRAIN 20 UNIT 2 2017AH,2022-05-01,32,31,2743,14295,3053
42-317-41789,8591,10354,EXXON,STRAIN 20 UNIT 2 2017AH,2022-06-01,33,30,2775,13331,3070
42-317-41789,8591,10354,EXXON,STRAIN 20 UNIT 2 2017AH,2022-07-01,34,31,2401,13563,2640
42-317-41789,8591,10354,EXXON,STRAIN 20 UNIT 2 2017AH,2022-08-01,35,31,1934,10093,2113
42-317-41789,8591,10354,EXXON,STRAIN 20 UNIT 2 2017AH,2022-09-01,36,30,3543,9276,3848
42-317-41789,8591,10354,EXXON,STRAIN 20 UNIT 2 2017AH,2022-10-01,37,31,2696,10129,2911
42-317-41789,8591,10354,EXXON,STRAIN 20 UNIT 2 2017AH,2022-11-01,38,30,2500,10080,2683
42-317-42219,8752,10280,CHEVRON,VLT MAUSER MAGNUM UNIT 0041WA,2020-04-01,1,30,5554,4440,4113
42-317-42219,8752,10280,CHEVRON,VLT MAUSER MAGNUM UNIT 0041WA,2020-05-01,2,31,26230,20595,22655
42-317-42219,8752,10280,CHEVRON,VLT MAUSER MAGNUM UNIT 0041WA,2020-06-01,3,30,24867,16315,19547
42-317-42219,8752,10280,CHEVRON,VLT MAUSER MAGNUM UNIT 0041WA,2020-07-01,4,31,22370,12095,17811
42-317-42219,8752,10280,CHEVRON,VLT MAUSER MAGNUM UNIT 0041WA,2020-08-01,5,31,15917,6375,12839
42-317-42219,8752,10280,CHEVRON,VLT MAUSER MAGNUM UNIT 0041WA,2020-09-01,6,30,15746,58546,12864
42-317-42219,8752,10280,CHEVRON,VLT MAUSER MAGNUM UNIT 0041WA,2020-10-01,7,31,15893,20632,13152
42-317-42219,8752,10280,CHEVRON,VLT MAUSER MAGNUM UNIT 0041WA,2020-11-01,8,30,15853,8031,13287
42-317-42219,8752,10280,CHEVRON,VLT MAUSER MAGNUM UNIT 0041WA,2020-12-01,9,31,14076,4799,11950
42-317-42219,8752,10280,CHEVRON,VLT MAUSER MAGNUM UNIT 0041WA,2021-01-01,10,31,13120,5772,11284
42-317-42219,8752,10280,CHEVRON,VLT MAUSER MAGNUM UNIT 0041WA,2021-02-01,11,28,8158,3556,7104
42-317-42219,8752,10280,CHEVRON,VLT MAUSER MAGNUM UNIT 0041WA,2021-03-01,12,31,13156,7876,11599
42-317-42219,8752,10280,CHEVRON,VLT MAUSER MAGNUM UNIT 0041WA,2021-04-01,13,30,11988,6950,10705
42-317-42219,8752,10280,CHEVRON,VLT MAUSER MAGNUM UNIT 0041WA,2021-05-01,14,31,10389,5567,9397
42-317-42219,8752,10280,CHEVRON,VLT MAUSER MAGNUM UNIT 0041WA,2021-06-01,15,30,9617,6676,8810
42-317-42219,8752,10280,CHEVRON,VLT MAUSER MAGNUM UNIT 0041WA,2021-07-01,16,31,10317,10900,9573
42-317-42219,8752,10280,CHEVRON,VLT MAUSER MAGNUM UNIT 0041WA,2021-08-01,17,31,10248,7803,9634
42-317-42219,8752,10280,CHEVRON,VLT MAUSER MAGNUM UNIT 0041WA,2021-09-01,18,30,9134,9374,8697
42-317-42219,8752,10280,CHEVRON,VLT MAUSER MAGNUM UNIT 0041WA,2021-10-01,19,31,8758,7692,8446
42-317-42219,8752,10280,CHEVRON,VLT MAUSER MAGNUM UNIT 0041WA,2021-11-01,20,30,7153,2631,6987
42-317-42219,8752,10280,CHEVRON,VLT MAUSER MAGNUM UNIT 0041WA,2021-12-01,21,31,8613,8941,8522
42-317-42219,8752,10280,CHEVRON,VLT MAUSER MAGNUM UNIT 0041WA,2022-01-01,22,31,8086,8814,8105
42-317-42219,8752,10280,CHEVRON,VLT MAUSER MAGNUM UNIT 0041WA,2022-02-01,23,28,5868,5506,5955
42-317-42219,8752,10280,CHEVRON,VLT MAUSER MAGNUM UNIT 0041WA,2022-03-01,24,31,5038,0,5176
42-317-42219,8752,10280,CHEVRON,VLT MAUSER MAGNUM UNIT 0041WA,2022-04-01,25,30,9401,9149,9784
42-317-42219,8752,10280,CHEVRON,VLT MAUSER MAGNUM UNIT 0041WA,2022-05-01,26,31,7114,7665,7499
42-317-42219,8752,10280,CHEVRON,VLT MAUSER MAGNUM UNIT 0041WA,2022-06-01,27,30,7128,7350,7610
42-317-42219,8752,10280,CHEVRON,VLT MAUSER MAGNUM UNIT 0041WA,2022-07-01,28,31,8378,9824,9060
42-317-42219,8752,10280,CHEVRON,VLT MAUSER MAGNUM UNIT 0041WA,2022-08-01,29,31,7518,7681,8237
42-317-42219,8752,10280,CHEVRON,VLT MAUSER MAGNUM UNIT 0041WA,2022-09-01,30,30,7889,9134,8754
42-317-42219,8752,10280,CHEVRON,VLT MAUSER MAGNUM UNIT 0041WA,2022-10-01,31,31,7308,8915,8214
42-317-42454,8566,10409,EXXON,DARK STAR UNIT 1 2111AH,2021-05-01,1,31,25834,25424,47524
42-317-42454,8566,10409,EXXON,DARK STAR UNIT 1 2111AH,2021-06-01,2,30,25235,24615,46420
42-317-42454,8566,10409,EXXON,DARK STAR UNIT 1 2111AH,2021-07-01,3,31,25506,29908,46919
42-317-42454,8566,10409,EXXON,DARK STAR UNIT 1 2111AH,2021-08-01,4,31,16980,28250,31234
42-317-42454,8566,10409,EXXON,DARK STAR UNIT 1 2111AH,2021-09-01,5,30,13621,33170,25053
42-317-42454,8566,10409,EXXON,DARK STAR UNIT 1 2111AH,2021-10-01,6,31,11567,35889,21276
42-317-42454,8566,10409,EXXON,DARK STAR UNIT 1 2111AH,2021-11-01,7,30,9278,33673,17065
42-317-42454,8566,10409,EXXON,DARK STAR UNIT 1 2111AH,2021-12-01,8,31,8883,35814,16338
42-317-42454,8566,10409,EXXON,DARK STAR UNIT 1 2111AH,2022-01-01,9,31,6453,27957,11867
42-317-42454,8566,10409,EXXON,DARK STAR UNIT 1 2111AH,2022-02-01,10,28,5128,21380,9431
42-317-42454,8566,10409,EXXON,DARK STAR UNIT 1 2111AH,2022-03-01,11,31,5330,25941,9803
42-317-42454,8566,10409,EXXON,DARK STAR UNIT 1 2111AH,2022-04-01,12,30,3768,21814,6929
42-317-42454,8566,10409,EXXON,DARK STAR UNIT 1 2111AH,2022-05-01,13,31,3910,23119,7191
42-317-42454,8566,10409,EXXON,DARK STAR UNIT 1 2111AH,2022-06-01,14,30,3539,21908,6507
42-317-42454,8566,10409,EXXON,DARK STAR UNIT 1 2111AH,2022-07-01,15,31,3880,25307,7134
42-317-42454,8566,10409,EXXON,DARK STAR UNIT 1 2111AH,2022-08-01,16,31,3008,19986,5532
42-317-42454,8566,10409,EXXON,DARK STAR UNIT 1 2111AH,2022-09-01,17,30,3464,22527,6370
42-317-42454,8566,10409,EXXON,DARK STAR UNIT 1 2111AH,2022-10-01,18,31,3325,22568,6113
42-317-42454,8566,10409,EXXON,DARK STAR UNIT 1 2111AH,2022-11-01,19,30,2809,23179,5164
42-317-42476,8477,10372,EXXON,DARK STAR UNIT 2 2117AH,2021-07-01,1,31,15955,17168,24536
42-317-42476,8477,10372,EXXON,DARK STAR UNIT 2 2117AH,2021-08-01,2,31,23715,26878,36565
42-317-42476,8477,10372,EXXON,DARK STAR UNIT 2 2117AH,2021-09-01,3,30,16924,26041,26175
42-317-42476,8477,10372,EXXON,DARK STAR UNIT 2 2117AH,2021-10-01,4,31,12251,26065,19004
42-317-42476,8477,10372,EXXON,DARK STAR UNIT 2 2117AH,2021-11-01,5,30,9561,24669,14877
42-317-42476,8477,10372,EXXON,DARK STAR UNIT 2 2117AH,2021-12-01,6,31,7171,21633,11192
42-317-42476,8477,10372,EXXON,DARK STAR UNIT 2 2117AH,2022-01-01,7,31,6094,19714,9541
42-317-42476,8477,10372,EXXON,DARK STAR UNIT 2 2117AH,2022-02-01,8,28,4580,17868,7192
42-317-42476,8477,10372,EXXON,DARK STAR UNIT 2 2117AH,2022-03-01,9,31,4408,17703,6942
42-317-42476,8477,10372,EXXON,DARK STAR UNIT 2 2117AH,2022-04-01,10,30,3382,13303,5342
42-317-42476,8477,10372,EXXON,DARK STAR UNIT 2 2117AH,2022-05-01,11,31,3717,13296,5889
42-317-42476,8477,10372,EXXON,DARK STAR UNIT 2 2117AH,2022-06-01,12,30,3753,15981,5964
42-317-42476,8477,10372,EXXON,DARK STAR UNIT 2 2117AH,2022-07-01,13,31,2727,14963,4346
42-317-42476,8477,10372,EXXON,DARK STAR UNIT 2 2117AH,2022-08-01,14,31,1604,9281,2565
42-317-42476,8477,10372,EXXON,DARK STAR UNIT 2 2117AH,2022-09-01,15,30,1761,8971,2824
42-317-42476,8477,10372,EXXON,DARK STAR UNIT 2 2117AH,2022-10-01,16,31,2900,12293,4664
42-317-42476,8477,10372,EXXON,DARK STAR UNIT 2 2117AH,2022-11-01,17,30,3058,14828,4934
42-317-41464,8428,9872,PIONEER,MEEK-HARDIN 3A 1H,2019-05-01,1,31,31638,22639,34556
42-317-41464,8428,9872,PIONEER,MEEK-HARDIN 3A 1H,2019-06-01,2,30,43954,32078,47387
42-317-41464,8428,9872,PIONEER,MEEK-HARDIN 3A 1H,2019-07-01,3,31,38122,28751,39715
42-317-41464,8428,9872,PIONEER,MEEK-HARDIN 3A 1H,2019-08-01,4,31,31630,24209,31823
42-317-41464,8428,9872,PIONEER,MEEK-HARDIN 3A 1H,2019-09-01,5,30,26923,21980,26174
42-317-41464,8428,9872,PIONEER,MEEK-HARDIN 3A 1H,2019-10-01,6,31,23221,19215,21815
42-317-41464,8428,9872,PIONEER,MEEK-HARDIN 3A 1H,2019-11-01,7,30,14095,13465,12795
42-317-41464,8428,9872,PIONEER,MEEK-HARDIN 3A 1H,2019-12-01,8,31,18438,17877,16173
42-317-41464,8428,9872,PIONEER,MEEK-HARDIN 3A 1H,2020-01-01,9,31,19092,20552,16173
42-317-41464,8428,9872,PIONEER,MEEK-HARDIN 3A 1H,2020-02-01,10,29,16083,16044,13172
42-317-41464,8428,9872,PIONEER,MEEK-HARDIN 3A 1H,2020-03-01,11,31,16336,15125,12936
42-317-41464,8428,9872,PIONEER,MEEK-HARDIN 3A 1H,2020-04-01,12,30,13775,13362,10540
42-317-41464,8428,9872,PIONEER,MEEK-HARDIN 3A 1H,2020-05-01,13,31,14083,12540,10413
42-317-41464,8428,9872,PIONEER,MEEK-HARDIN 3A 1H,2020-06-01,14,30,13022,11263,9304
42-317-41464,8428,9872,PIONEER,MEEK-HARDIN 3A 1H,2020-07-01,15,31,13261,11657,9155
42-317-41464,8428,9872,PIONEER,MEEK-HARDIN 3A 1H,2020-08-01,16,31,13187,13403,8792
42-317-41464,8428,9872,PIONEER,MEEK-HARDIN 3A 1H,2020-09-01,17,30,12649,14188,8149
42-317-41464,8428,9872,PIONEER,MEEK-HARDIN 3A 1H,2020-10-01,18,31,11868,13874,7388
42-317-41464,8428,9872,PIONEER,MEEK-HARDIN 3A 1H,2020-11-01,19,30,7447,7985,4480
42-317-41464,8428,9872,PIONEER,MEEK-HARDIN 3A 1H,2020-12-01,20,31,4335,2043,2520
42-317-41464,8428,9872,PIONEER,MEEK-HARDIN 3A 1H,2021-01-01,21,31,8295,5338,4657
42-317-41464,8428,9872,PIONEER,MEEK-HARDIN 3A 1H,2021-02-01,22,28,5339,3538,2899
42-317-41464,8428,9872,PIONEER,MEEK-HARDIN 3A 1H,2021-03-01,23,31,8620,5557,4529
42-317-41464,8428,9872,PIONEER,MEEK-HARDIN 3A 1H,2021-04-01,24,30,7720,5694,3919
42-317-41464,8428,9872,PIONEER,MEEK-HARDIN 3A 1H,2021-05-01,25,31,7039,6130,3453
42-317-41464,8428,9872,PIONEER,MEEK-HARDIN 3A 1H,2021-06-01,26,30,4642,3917,2200
42-317-41464,8428,9872,PIONEER,MEEK-HARDIN 3A 1H,2021-07-01,27,31,6791,5763,3110
42-317-41464,8428,9872,PIONEER,MEEK-HARDIN 3A 1H,2021-08-01,28,31,6922,6683,3062
42-317-41464,8428,9872,PIONEER,MEEK-HARDIN 3A 1H,2021-09-01,29,30,6720,7231,2872
42-317-41464,8428,9872,PIONEER,MEEK-HARDIN 3A 1H,2021-10-01,30,31,6729,7406,2779
42-317-41464,8428,9872,PIONEER,MEEK-HARDIN 3A 1H,2021-11-01,31,30,6453,6691,2575
42-317-41464,8428,9872,PIONEER,MEEK-HARDIN 3A 1H,2021-12-01,32,31,6330,7010,2441
42-317-41464,8428,9872,PIONEER,MEEK-HARDIN 3A 1H,2022-01-01,33,31,6076,6977,2263
42-317-41464,8428,9872,PIONEER,MEEK-HARDIN 3A 1H,2022-02-01,34,28,5273,5843,1900
42-317-41464,8428,9872,PIONEER,MEEK-HARDIN 3A 1H,2022-03-01,35,31,5423,6097,1890
42-317-41464,8428,9872,PIONEER,MEEK-HARDIN 3A 1H,2022-04-01,36,30,3092,3070,1041
42-317-41464,8428,9872,PIONEER,MEEK-HARDIN 3A 1H,2022-05-01,37,31,1266,1016,412
42-317-41464,8428,9872,PIONEER,MEEK-HARDIN 3A 1H,2022-06-01,38,30,1995,1482,627
42-317-41464,8428,9872,PIONEER,MEEK-HARDIN 3A 1H,2022-07-01,39,31,2837,1169,862
42-317-41464,8428,9872,PIONEER,MEEK-HARDIN 3A 1H,2022-08-01,40,31,3748,1917,1100
42-317-41464,8428,9872,PIONEER,MEEK-HARDIN 3A 1H,2022-09-01,41,30,3290,1681,933
42-317-41464,8428,9872,PIONEER,MEEK-HARDIN 3A 1H,2022-10-01,42,31,3325,3811,911
42-317-41464,8428,9872,PIONEER,MEEK-HARDIN 3A 1H,2022-11-01,43,30,5062,4868,1340
42-317-41466,8413,9872,PIONEER,MEEK-HARDIN 3C 3H,2019-05-01,1,31,33928,22992,34450
42-317-41466,8413,9872,PIONEER,MEEK-HARDIN 3C 3H,2019-06-01,2,30,46090,33859,53099
42-317-41466,8413,9872,PIONEER,MEEK-HARDIN 3C 3H,2019-07-01,3,31,40517,32791,42240
42-317-41466,8413,9872,PIONEER,MEEK-HARDIN 3C 3H,2019-08-01,4,31,31008,27093,31920
42-317-41466,8413,9872,PIONEER,MEEK-HARDIN 3C 3H,2019-09-01,5,30,27077,26180,27529
42-317-41466,8413,9872,PIONEER,MEEK-HARDIN 3C 3H,2019-10-01,6,31,23529,23670,23626
42-317-41466,8413,9872,PIONEER,MEEK-HARDIN 3C 3H,2019-11-01,7,30,19775,24688,19611
42-317-41466,8413,9872,PIONEER,MEEK-HARDIN 3C 3H,2019-12-01,8,31,17302,23362,16947
42-317-41466,8413,9872,PIONEER,MEEK-HARDIN 3C 3H,2020-01-01,9,31,17374,23591,16804
42-317-41466,8413,9872,PIONEER,MEEK-HARDIN 3C 3H,2020-02-01,10,29,15358,19655,14673
42-317-41466,8413,9872,PIONEER,MEEK-HARDIN 3C 3H,2020-03-01,11,31,12362,15212,11667
42-317-41466,8413,9872,PIONEER,MEEK-HARDIN 3C 3H,2020-04-01,12,30,5434,3291,5065
42-317-41466,8413,9872,PIONEER,MEEK-HARDIN 3C 3H,2020-05-01,13,31,13330,8071,12272
42-317-41466,8413,9872,PIONEER,MEEK-HARDIN 3C 3H,2020-06-01,14,30,13730,8586,12484
42-317-41466,8413,9872,PIONEER,MEEK-HARDIN 3C 3H,2020-07-01,15,31,14158,9283,12714
42-317-41466,8413,9872,PIONEER,MEEK-HARDIN 3C 3H,2020-08-01,16,31,14257,10693,12642
42-317-41466,8413,9872,PIONEER,MEEK-HARDIN 3C 3H,2020-09-01,17,30,11981,9913,10492
42-317-41466,8413,9872,PIONEER,MEEK-HARDIN 3C 3H,2020-10-01,18,31,11641,10919,10069
42-317-41466,8413,9872,PIONEER,MEEK-HARDIN 3C 3H,2020-11-01,19,30,12126,14877,10359
42-317-41466,8413,9872,PIONEER,MEEK-HARDIN 3C 3H,2020-12-01,20,31,10932,13512,9223
42-317-41466,8413,9872,PIONEER,MEEK-HARDIN 3C 3H,2021-01-01,21,31,3778,1912,3147
42-317-41466,8413,9872,PIONEER,MEEK-HARDIN 3C 3H,2021-02-01,22,28,4949,3185,4074
42-317-41466,8413,9872,PIONEER,MEEK-HARDIN 3C 3H,2021-03-01,23,31,8412,5767,6841
42-317-41466,8413,9872,PIONEER,MEEK-HARDIN 3C 3H,2021-04-01,24,30,7740,6083,6217
42-317-41466,8413,9872,PIONEER,MEEK-HARDIN 3C 3H,2021-05-01,25,31,3387,2479,2687
42-317-41466,8413,9872,PIONEER,MEEK-HARDIN 3C 3H,2021-06-01,26,30,318,649,249
42-317-41466,8413,9872,PIONEER,MEEK-HARDIN 3C 3H,2021-07-01,27,31,1748,987,1353
42-317-41466,8413,9872,PIONEER,MEEK-HARDIN 3C 3H,2021-08-01,28,31,6016,2907,4597
42-317-41466,8413,9872,PIONEER,MEEK-HARDIN 3C 3H,2021-09-01,29,30,7606,5183,5740
42-317-41466,8413,9872,PIONEER,MEEK-HARDIN 3C 3H,2021-10-01,30,31,7805,6368,5817
42-317-41466,8413,9872,PIONEER,MEEK-HARDIN 3C 3H,2021-11-01,31,30,7670,6042,5646
42-317-41466,8413,9872,PIONEER,MEEK-HARDIN 3C 3H,2021-12-01,32,31,6655,6908,4838
42-317-41466,8413,9872,PIONEER,MEEK-HARDIN 3C 3H,2022-01-01,33,31,6192,7345,4445
42-317-41466,8413,9872,PIONEER,MEEK-HARDIN 3C 3H,2022-02-01,34,28,5532,6563,3924
42-317-41466,8413,9872,PIONEER,MEEK-HARDIN 3C 3H,2022-03-01,35,31,5440,6951,3813
42-317-41466,8413,9872,PIONEER,MEEK-HARDIN 3C 3H,2022-04-01,36,30,5084,6386,3519
42-317-41466,8413,9872,PIONEER,MEEK-HARDIN 3C 3H,2022-05-01,37,31,5422,6970,3707
42-317-41466,8413,9872,PIONEER,MEEK-HARDIN 3C 3H,2022-06-01,38,30,4704,6400,3176
42-317-41466,8413,9872,PIONEER,MEEK-HARDIN 3C 3H,2022-07-01,39,31,4665,5999,3111
42-317-41466,8413,9872,PIONEER,MEEK-HARDIN 3C 3H,2022-08-01,40,31,4514,6018,2972
42-317-41466,8413,9872,PIONEER,MEEK-HARDIN 3C 3H,2022-09-01,41,30,3813,5827,2480
42-317-41466,8413,9872,PIONEER,MEEK-HARDIN 3C 3H,2022-10-01,42,31,3342,6048,2146
42-317-41466,8413,9872,PIONEER,MEEK-HARDIN 3C 3H,2022-11-01,43,30,4188,7124,2657
42-317-42233,8689,10307,CHEVRON,VLT SAUER ELEGANCE UNIT 0061WA,2020-05-01,1,31,10124,6456,13957
42-317-42233,8689,10307,CHEVRON,VLT SAUER ELEGANCE UNIT 0061WA,2020-06-01,2,30,7459,5657,10624
42-317-42233,8689,10307,CHEVRON,VLT SAUER ELEGANCE UNIT 0061WA,2020-07-01,3,31,41286,36465,60062
42-317-42233,8689,10307,CHEVRON,VLT SAUER ELEGANCE UNIT 0061WA,2020-08-01,4,31,31651,28641,47046
42-317-42233,8689,10307,CHEVRON,VLT SAUER ELEGANCE UNIT 0061WA,2020-09-01,5,30,32537,27301,49398
42-317-42233,8689,10307,CHEVRON,VLT SAUER ELEGANCE UNIT 0061WA,2020-10-01,6,31,31413,31731,48711
42-317-42233,8689,10307,CHEVRON,VLT SAUER ELEGANCE UNIT 0061WA,2020-11-01,7,30,25751,28642,40786
42-317-42233,8689,10307,CHEVRON,VLT SAUER ELEGANCE UNIT 0061WA,2020-12-01,8,31,21608,25278,34956
42-317-42233,8689,10307,CHEVRON,VLT SAUER ELEGANCE UNIT 0061WA,2021-01-01,9,31,19246,22933,31811
42-317-42233,8689,10307,CHEVRON,VLT SAUER ELEGANCE UNIT 0061WA,2021-02-01,10,28,11372,12737,19186
42-317-42233,8689,10307,CHEVRON,VLT SAUER ELEGANCE UNIT 0061WA,2021-03-01,11,31,16972,18893,29225
42-317-42233,8689,10307,CHEVRON,VLT SAUER ELEGANCE UNIT 0061WA,2021-04-01,12,30,12987,16520,22841
42-317-42233,8689,10307,CHEVRON,VLT SAUER ELEGANCE UNIT 0061WA,2021-05-01,13,31,12538,16363,22523
42-317-42233,8689,10307,CHEVRON,VLT SAUER ELEGANCE UNIT 0061WA,2021-06-01,14,30,10293,13347,18886
42-317-42233,8689,10307,CHEVRON,VLT SAUER ELEGANCE UNIT 0061WA,2021-07-01,15,31,10881,14642,20392
42-317-42233,8689,10307,CHEVRON,VLT SAUER ELEGANCE UNIT 0061WA,2021-08-01,16,31,4581,19925,8772
42-317-42233,8689,10307,CHEVRON,VLT SAUER ELEGANCE UNIT 0061WA,2021-09-01,17,30,8561,42668,16743
42-317-42233,8689,10307,CHEVRON,VLT SAUER ELEGANCE UNIT 0061WA,2021-10-01,18,31,6197,39218,12379
42-317-42233,8689,10307,CHEVRON,VLT SAUER ELEGANCE UNIT 0061WA,2021-11-01,19,30,9920,13528,20240
42-317-42233,8689,10307,CHEVRON,VLT SAUER ELEGANCE UNIT 0061WA,2021-12-01,20,31,10892,16071,22698
42-317-42233,8689,10307,CHEVRON,VLT SAUER ELEGANCE UNIT 0061WA,2022-01-01,21,31,10065,15517,21431
42-317-42233,8689,10307,CHEVRON,VLT SAUER ELEGANCE UNIT 0061WA,2022-02-01,22,28,8734,13499,18982
42-317-42233,8689,10307,CHEVRON,VLT SAUER ELEGANCE UNIT 0061WA,2022-03-01,23,31,7988,13834,17719
42-317-42233,8689,10307,CHEVRON,VLT SAUER ELEGANCE UNIT 0061WA,2022-04-01,24,30,5019,7058,11371
42-317-42233,8689,10307,CHEVRON,VLT SAUER ELEGANCE UNIT 0061WA,2022-05-01,25,31,7249,11070,16775
42-317-42233,8689,10307,CHEVRON,VLT SAUER ELEGANCE UNIT 0061WA,2022-06-01,26,30,7565,9528,17881
42-317-42233,8689,10307,CHEVRON,VLT SAUER ELEGANCE UNIT 0061WA,2022-07-01,27,31,7532,7416,18183
42-317-42233,8689,10307,CHEVRON,VLT SAUER ELEGANCE UNIT 0061WA,2022-08-01,28,31,8457,10885,20860
42-317-42233,8689,10307,CHEVRON,VLT SAUER ELEGANCE UNIT 0061WA,2022-09-01,29,30,8106,7784,20422
42-317-42233,8689,10307,CHEVRON,VLT SAUER ELEGANCE UNIT 0061WA,2022-10-01,30,31,2606,1346,6706
42-317-43697,8497,9975,LARIO OIL & GAS COMPANY,DOOLITTLE 12 301,2022-01-01,1,31,15280,11799,17889
42-317-43697,8497,9975,LARIO OIL & GAS COMPANY,DOOLITTLE 12 301,2022-02-01,2,28,19251,16296,22628
42-317-43697,8497,9975,LARIO OIL & GAS COMPANY,DOOLITTLE 12 301,2022-03-01,3,31,13621,8239,16112
42-317-43697,8497,9975,LARIO OIL & GAS COMPANY,DOOLITTLE 12 301,2022-04-01,4,30,10303,9638,12268
42-317-43697,8497,9975,LARIO OIL & GAS COMPANY,DOOLITTLE 12 301,2022-05-01,5,31,10035,9162,12029
42-317-43697,8497,9975,LARIO OIL & GAS COMPANY,DOOLITTLE 12 301,2022-06-01,6,30,14521,11919,17521
42-317-43697,8497,9975,LARIO OIL & GAS COMPANY,DOOLITTLE 12 301,2022-07-01,7,31,13459,7439,16347
42-317-43697,8497,9975,LARIO OIL & GAS COMPANY,DOOLITTLE 12 301,2022-08-01,8,31,13935,628,17038
42-317-43697,8497,9975,LARIO OIL & GAS COMPANY,DOOLITTLE 12 301,2022-09-01,9,30,12608,8695,15518
42-317-40602,8744,7410,"VENCER ENERGY, LLC",MCMURRY-CRIM 30 103HB,2017-09-01,1,30,2934,3002,4937
42-317-40602,8744,7410,"VENCER ENERGY, LLC",MCMURRY-CRIM 30 103HB,2017-10-01,2,31,18590,16930,33050
42-317-40602,8744,7410,"VENCER ENERGY, LLC",MCMURRY-CRIM 30 103HB,2017-11-01,3,30,15123,18365,27008
42-317-40602,8744,7410,"VENCER ENERGY, LLC",MCMURRY-CRIM 30 103HB,2017-12-01,4,31,13186,16356,23655
42-317-40602,8744,7410,"VENCER ENERGY, LLC",MCMURRY-CRIM 30 103HB,2018-01-01,5,31,5776,5300,10409
42-317-40602,8744,7410,"VENCER ENERGY, LLC",MCMURRY-CRIM 30 103HB,2018-02-01,6,28,9594,21034,17366
42-317-40602,8744,7410,"VENCER ENERGY, LLC",MCMURRY-CRIM 30 103HB,2018-03-01,7,31,9137,25262,16612
42-317-40602,8744,7410,"VENCER ENERGY, LLC",MCMURRY-CRIM 30 103HB,2018-04-01,8,30,4564,12533,8336
42-317-40602,8744,7410,"VENCER ENERGY, LLC",MCMURRY-CRIM 30 103HB,2018-05-01,9,31,1737,1934,3187
42-317-40602,8744,7410,"VENCER ENERGY, LLC",MCMURRY-CRIM 30 103HB,2018-06-01,10,30,4233,3361,7802
42-317-40602,8744,7410,"VENCER ENERGY, LLC",MCMURRY-CRIM 30 103HB,2018-07-01,11,31,5192,6732,9612
42-317-40602,8744,7410,"VENCER ENERGY, LLC",MCMURRY-CRIM 30 103HB,2018-08-01,12,31,6643,8869,12355
42-317-40602,8744,7410,"VENCER ENERGY, LLC",MCMURRY-CRIM 30 103HB,2018-09-01,13,30,6143,19057,11477
42-317-40602,8744,7410,"VENCER ENERGY, LLC",MCMURRY-CRIM 30 103HB,2018-10-01,14,31,4585,13169,8604
42-317-40602,8744,7410,"VENCER ENERGY, LLC",MCMURRY-CRIM 30 103HB,2018-11-01,15,30,5513,17986,10393
42-317-40602,8744,7410,"VENCER ENERGY, LLC",MCMURRY-CRIM 30 103HB,2018-12-01,16,31,5780,20580,10946
42-317-40602,8744,7410,"VENCER ENERGY, LLC",MCMURRY-CRIM 30 103HB,2019-01-01,17,31,4691,21613,8925
42-317-40602,8744,7410,"VENCER ENERGY, LLC",MCMURRY-CRIM 30 103HB,2019-02-01,18,28,3162,15281,6043
42-317-40602,8744,7410,"VENCER ENERGY, LLC",MCMURRY-CRIM 30 103HB,2019-03-01,19,31,4247,13278,8151
42-317-40602,8744,7410,"VENCER ENERGY, LLC",MCMURRY-CRIM 30 103HB,2019-04-01,20,30,3548,12364,6840
42-317-40602,8744,7410,"VENCER ENERGY, LLC",MCMURRY-CRIM 30 103HB,2019-05-01,21,31,3266,18940,6325
42-317-40602,8744,7410,"VENCER ENERGY, LLC",MCMURRY-CRIM 30 103HB,2019-06-01,22,30,2786,16862,5419
42-317-40602,8744,7410,"VENCER ENERGY, LLC",MCMURRY-CRIM 30 103HB,2019-07-01,23,31,2553,16530,4989
42-317-40602,8744,7410,"VENCER ENERGY, LLC",MCMURRY-CRIM 30 103HB,2019-08-01,24,31,2381,18353,4674
42-317-40602,8744,7410,"VENCER ENERGY, LLC",MCMURRY-CRIM 30 103HB,2019-09-01,25,30,2252,15116,4442
42-317-40602,8744,7410,"VENCER ENERGY, LLC",MCMURRY-CRIM 30 103HB,2019-10-01,26,31,2384,14531,4723
42-317-40602,8744,7410,"VENCER ENERGY, LLC",MCMURRY-CRIM 30 103HB,2019-11-01,27,30,2312,14033,4602
42-317-40602,8744,7410,"VENCER ENERGY, LLC",MCMURRY-CRIM 30 103HB,2019-12-01,28,31,2430,14031,4859
42-317-40602,8744,7410,"VENCER ENERGY, LLC",MCMURRY-CRIM 30 103HB,2020-01-01,29,31,1808,14444,3630
42-317-40602,8744,7410,"VENCER ENERGY, LLC",MCMURRY-CRIM 30 103HB,2020-02-01,30,29,1437,12947,2898
42-317-40602,8744,7410,"VENCER ENERGY, LLC",MCMURRY-CRIM 30 103HB,2020-03-01,31,31,1690,15363,3425
42-317-40602,8744,7410,"VENCER ENERGY, LLC",MCMURRY-CRIM 30 103HB,2020-04-01,32,30,1381,14064,2811
42-317-40602,8744,7410,"VENCER ENERGY, LLC",MCMURRY-CRIM 30 103HB,2020-05-01,33,31,1437,15433,2938
42-317-40602,8744,7410,"VENCER ENERGY, LLC",MCMURRY-CRIM 30 103HB,2020-06-01,34,30,1433,14545,2943
42-317-40602,8744,7410,"VENCER ENERGY, LLC",MCMURRY-CRIM 30 103HB,2020-07-01,35,31,1373,15455,2833
42-317-40602,8744,7410,"VENCER ENERGY, LLC",MCMURRY-CRIM 30 103HB,2020-08-01,36,31,1363,14657,2825
42-317-40602,8744,7410,"VENCER ENERGY, LLC",MCMURRY-CRIM 30 103HB,2020-09-01,37,30,1124,12909,2340
42-317-40602,8744,7410,"VENCER ENERGY, LLC",MCMURRY-CRIM 30 103HB,2020-10-01,38,31,1053,12441,2202
42-317-40602,8744,7410,"VENCER ENERGY, LLC",MCMURRY-CRIM 30 103HB,2020-11-01,39,30,1141,11932,2398
42-317-40602,8744,7410,"VENCER ENERGY, LLC",MCMURRY-CRIM 30 103HB,2020-12-01,40,31,1075,6896,2269
42-317-40602,8744,7410,"VENCER ENERGY, LLC",MCMURRY-CRIM 30 103HB,2021-01-01,41,31,1012,12771,2145
42-317-40602,8744,7410,"VENCER ENERGY, LLC",MCMURRY-CRIM 30 103HB,2021-02-01,42,28,622,9632,1325
42-317-40602,8744,7410,"VENCER ENERGY, LLC",MCMURRY-CRIM 30 103HB,2021-03-01,43,31,850,13992,1819
42-317-40602,8744,7410,"VENCER ENERGY, LLC",MCMURRY-CRIM 30 103HB,2021-04-01,44,30,993,12271,2133
42-317-40602,8744,7410,"VENCER ENERGY, LLC",MCMURRY-CRIM 30 103HB,2021-05-01,45,31,1037,14826,2238
42-317-40602,8744,7410,"VENCER ENERGY, LLC",MCMURRY-CRIM 30 103HB,2021-06-01,46,30,849,14084,1842
42-317-40602,8744,7410,"VENCER ENERGY, LLC",MCMURRY-CRIM 30 103HB,2021-07-01,47,31,807,15109,1758
42-317-40602,8744,7410,"VENCER ENERGY, LLC",MCMURRY-CRIM 30 103HB,2021-08-01,48,31,830,15872,1817
42-317-40602,8744,7410,"VENCER ENERGY, LLC",MCMURRY-CRIM 30 103HB,2021-09-01,49,30,760,13619,1670
42-317-40602,8744,7410,"VENCER ENERGY, LLC",MCMURRY-CRIM 30 103HB,2021-10-01,50,31,806,14602,1779
42-317-40602,8744,7410,"VENCER ENERGY, LLC",MCMURRY-CRIM 30 103HB,2021-11-01,51,30,764,15269,1696
42-317-40602,8744,7410,"VENCER ENERGY, LLC",MCMURRY-CRIM 30 103HB,2021-12-01,52,31,771,14081,1719
42-317-40602,8744,7410,"VENCER ENERGY, LLC",MCMURRY-CRIM 30 103HB,2022-01-01,53,31,596,13362,1333
42-317-40602,8744,7410,"VENCER ENERGY, LLC",MCMURRY-CRIM 30 103HB,2022-02-01,54,28,446,9980,1003
42-317-40602,8744,7410,"VENCER ENERGY, LLC",MCMURRY-CRIM 30 103HB,2022-03-01,55,31,731,10803,1650
42-317-40602,8744,7410,"VENCER ENERGY, LLC",MCMURRY-CRIM 30 103HB,2022-04-01,56,30,692,13090,1569
42-317-40602,8744,7410,"VENCER ENERGY, LLC",MCMURRY-CRIM 30 103HB,2022-05-01,57,31,525,12715,1197
42-317-40602,8744,7410,"VENCER ENERGY, LLC",MCMURRY-CRIM 30 103HB,2022-06-01,58,30,537,11057,1229
42-317-40602,8744,7410,"VENCER ENERGY, LLC",MCMURRY-CRIM 30 103HB,2022-07-01,59,31,523,10876,1202
42-317-40602,8744,7410,"VENCER ENERGY, LLC",MCMURRY-CRIM 30 103HB,2022-08-01,60,31,596,18010,1378
42-317-40602,8744,7410,"VENCER ENERGY, LLC",MCMURRY-CRIM 30 103HB,2022-09-01,61,30,594,15306,1379
42-317-40602,8744,7410,"VENCER ENERGY, LLC",MCMURRY-CRIM 30 103HB,2022-10-01,62,31,648,12410,1511
42-317-41384,8840,10345,EXXON,LENORAH 1-22 0612AH,2018-12-01,1,31,23342,16041,38451
42-317-41384,8840,10345,EXXON,LENORAH 1-22 0612AH,2019-01-01,2,31,14608,13341,24091
42-317-41384,8840,10345,EXXON,LENORAH 1-22 0612AH,2019-02-01,3,28,11768,12886,19441
42-317-41384,8840,10345,EXXON,LENORAH 1-22 0612AH,2019-03-01,4,31,11413,24639,18887
42-317-41384,8840,10345,EXXON,LENORAH 1-22 0612AH,2019-04-01,5,30,11864,29360,19667
42-317-41384,8840,10345,EXXON,LENORAH 1-22 0612AH,2019-05-01,6,31,10109,40936,16787
42-317-41384,8840,10345,EXXON,LENORAH 1-22 0612AH,2019-06-01,7,30,8091,35269,13459
42-317-41384,8840,10345,EXXON,LENORAH 1-22 0612AH,2019-07-01,8,31,7340,32054,12231
42-317-41384,8840,10345,EXXON,LENORAH 1-22 0612AH,2019-08-01,9,31,6473,28109,10806
42-317-41384,8840,10345,EXXON,LENORAH 1-22 0612AH,2019-09-01,10,30,5224,32121,8735
42-317-41384,8840,10345,EXXON,LENORAH 1-22 0612AH,2019-10-01,11,31,4683,27981,7845
42-317-41384,8840,10345,EXXON,LENORAH 1-22 0612AH,2019-11-01,12,30,3675,22816,6167
42-317-41384,8840,10345,EXXON,LENORAH 1-22 0612AH,2019-12-01,13,31,4857,18942,8164
42-317-41384,8840,10345,EXXON,LENORAH 1-22 0612AH,2020-01-01,14,31,4038,21772,6800
42-317-41384,8840,10345,EXXON,LENORAH 1-22 0612AH,2020-02-01,15,29,3324,18318,5607
42-317-41384,8840,10345,EXXON,LENORAH 1-22 0612AH,2020-03-01,16,31,2958,17033,4998
42-317-41384,8840,10345,EXXON,LENORAH 1-22 0612AH,2020-04-01,17,30,1991,15198,3370
42-317-41384,8840,10345,EXXON,LENORAH 1-22 0612AH,2020-05-01,18,31,1622,14578,2751
42-317-41384,8840,10345,EXXON,LENORAH 1-22 0612AH,2020-06-01,19,30,1361,11800,2313
42-317-41384,8840,10345,EXXON,LENORAH 1-22 0612AH,2020-07-01,20,31,2374,13186,4040
42-317-41384,8840,10345,EXXON,LENORAH 1-22 0612AH,2020-08-01,21,31,2584,19224,4404
42-317-41384,8840,10345,EXXON,LENORAH 1-22 0612AH,2020-09-01,22,30,2573,21495,4393
42-317-41384,8840,10345,EXXON,LENORAH 1-22 0612AH,2020-10-01,23,31,1868,25295,3195
42-317-41384,8840,10345,EXXON,LENORAH 1-22 0612AH,2020-11-01,24,30,1690,21403,2896
42-317-41384,8840,10345,EXXON,LENORAH 1-22 0612AH,2020-12-01,25,31,1262,11857,2165
42-317-41384,8840,10345,EXXON,LENORAH 1-22 0612AH,2021-01-01,26,31,1617,10197,2780
42-317-41384,8840,10345,EXXON,LENORAH 1-22 0612AH,2021-02-01,27,28,861,6095,1483
42-317-41384,8840,10345,EXXON,LENORAH 1-22 0612AH,2021-03-01,28,31,1739,8646,3000
42-317-41384,8840,10345,EXXON,LENORAH 1-22 0612AH,2021-04-01,29,30,1639,12541,2833
42-317-41384,8840,10345,EXXON,LENORAH 1-22 0612AH,2021-05-01,30,31,1972,14899,3414
42-317-41384,8840,10345,EXXON,LENORAH 1-22 0612AH,2021-06-01,31,30,1717,13523,2978
42-317-41384,8840,10345,EXXON,LENORAH 1-22 0612AH,2021-07-01,32,31,1769,18412,3073
42-317-41384,8840,10345,EXXON,LENORAH 1-22 0612AH,2021-08-01,33,31,771,18039,1342
42-317-41384,8840,10345,EXXON,LENORAH 1-22 0612AH,2021-09-01,34,30,1286,25425,2241
42-317-41384,8840,10345,EXXON,LENORAH 1-22 0612AH,2021-10-01,35,31,1367,9112,2387
42-317-41384,8840,10345,EXXON,LENORAH 1-22 0612AH,2021-11-01,36,30,1269,16992,2220
42-317-41384,8840,10345,EXXON,LENORAH 1-22 0612AH,2021-12-01,37,31,1164,18064,2040
42-317-41384,8840,10345,EXXON,LENORAH 1-22 0612AH,2022-01-01,38,31,802,19823,1408
42-317-41384,8840,10345,EXXON,LENORAH 1-22 0612AH,2022-02-01,39,28,801,68590,1408
42-317-41384,8840,10345,EXXON,LENORAH 1-22 0612AH,2022-03-01,40,31,829,11796,1460
42-317-41384,8840,10345,EXXON,LENORAH 1-22 0612AH,2022-04-01,41,30,1050,6222,1852
42-317-41384,8840,10345,EXXON,LENORAH 1-22 0612AH,2022-05-01,42,31,1068,6181,1888
42-317-41384,8840,10345,EXXON,LENORAH 1-22 0612AH,2022-06-01,43,30,729,5695,1290
42-317-41384,8840,10345,EXXON,LENORAH 1-22 0612AH,2022-07-01,44,31,834,11424,1480
42-317-41384,8840,10345,EXXON,LENORAH 1-22 0612AH,2022-08-01,45,31,866,11331,1539
42-317-41384,8840,10345,EXXON,LENORAH 1-22 0612AH,2022-09-01,46,30,1011,13774,1800
42-317-41384,8840,10345,EXXON,LENORAH 1-22 0612AH,2022-10-01,47,31,731,8661,1304
42-317-41384,8840,10345,EXXON,LENORAH 1-22 0612AH,2022-11-01,48,30,715,12469,1277
42-317-41750,8560,10290,CHEVRON,VLT RUGER PREDATOR UNIT 0021WA,2019-06-01,1,30,1952,1360,2643
42-317-41750,8560,10290,CHEVRON,VLT RUGER PREDATOR UNIT 0021WA,2019-07-01,2,31,27543,15143,22116
42-317-41750,8560,10290,CHEVRON,VLT RUGER PREDATOR UNIT 0021WA,2019-08-01,3,31,19834,19984,14423
42-317-41750,8560,10290,CHEVRON,VLT RUGER PREDATOR UNIT 0021WA,2019-09-01,4,30,23695,20618,15001
42-317-41750,8560,10290,CHEVRON,VLT RUGER PREDATOR UNIT 0021WA,2019-10-01,5,31,21390,14354,13715
42-317-41750,8560,10290,CHEVRON,VLT RUGER PREDATOR UNIT 0021WA,2019-11-01,6,30,19150,10666,12436
42-317-41750,8560,10290,CHEVRON,VLT RUGER PREDATOR UNIT 0021WA,2019-12-01,7,31,17756,8705,11678
42-317-41750,8560,10290,CHEVRON,VLT RUGER PREDATOR UNIT 0021WA,2020-01-01,8,31,16872,7070,11240
42-317-41750,8560,10290,CHEVRON,VLT RUGER PREDATOR UNIT 0021WA,2020-02-01,9,29,14633,3289,9871
42-317-41750,8560,10290,CHEVRON,VLT RUGER PREDATOR UNIT 0021WA,2020-03-01,10,31,15180,7662,10369
42-317-41750,8560,10290,CHEVRON,VLT RUGER PREDATOR UNIT 0021WA,2020-04-01,11,30,9975,6873,6901
42-317-41750,8560,10290,CHEVRON,VLT RUGER PREDATOR UNIT 0021WA,2020-05-01,12,31,10990,3456,7700
42-317-41750,8560,10290,CHEVRON,VLT RUGER PREDATOR UNIT 0021WA,2020-06-01,13,30,16240,12958,11524
42-317-41750,8560,10290,CHEVRON,VLT RUGER PREDATOR UNIT 0021WA,2020-07-01,14,31,15210,16126,10931
42-317-41750,8560,10290,CHEVRON,VLT RUGER PREDATOR UNIT 0021WA,2020-08-01,15,31,12034,10588,8761
42-317-41750,8560,10290,CHEVRON,VLT RUGER PREDATOR UNIT 0021WA,2020-09-01,16,30,11084,5620,8172
42-317-41750,8560,10290,CHEVRON,VLT RUGER PREDATOR UNIT 0021WA,2020-10-01,17,31,10731,8962,8013
42-317-41750,8560,10290,CHEVRON,VLT RUGER PREDATOR UNIT 0021WA,2020-11-01,18,30,8780,9029,6640
42-317-41750,8560,10290,CHEVRON,VLT RUGER PREDATOR UNIT 0021WA,2020-12-01,19,31,6863,6737,5256
42-317-41750,8560,10290,CHEVRON,VLT RUGER PREDATOR UNIT 0021WA,2021-01-01,20,31,8171,8710,6339
42-317-41750,8560,10290,CHEVRON,VLT RUGER PREDATOR UNIT 0021WA,2021-02-01,21,28,4904,4693,3852
42-317-41750,8560,10290,CHEVRON,VLT RUGER PREDATOR UNIT 0021WA,2021-03-01,22,31,9676,12758,7694
42-317-41750,8560,10290,CHEVRON,VLT RUGER PREDATOR UNIT 0021WA,2021-04-01,23,30,8415,10271,6777
42-317-41750,8560,10290,CHEVRON,VLT RUGER PREDATOR UNIT 0021WA,2021-05-01,24,31,8846,8114,7215
42-317-41750,8560,10290,CHEVRON,VLT RUGER PREDATOR UNIT 0021WA,2021-06-01,25,30,7897,7467,6523
42-317-41750,8560,10290,CHEVRON,VLT RUGER PREDATOR UNIT 0021WA,2021-07-01,26,31,7578,4676,6339
42-317-41750,8560,10290,CHEVRON,VLT RUGER PREDATOR UNIT 0021WA,2021-08-01,27,31,7839,5945,6643
42-317-41750,8560,10290,CHEVRON,VLT RUGER PREDATOR UNIT 0021WA,2021-09-01,28,30,6514,5163,5591
42-317-41750,8560,10290,CHEVRON,VLT RUGER PREDATOR UNIT 0021WA,2021-10-01,29,31,6632,7643,5765
42-317-41750,8560,10290,CHEVRON,VLT RUGER PREDATOR UNIT 0021WA,2021-11-01,30,30,7483,15074,6587
42-317-41750,8560,10290,CHEVRON,VLT RUGER PREDATOR UNIT 0021WA,2021-12-01,31,31,6995,10615,6236
42-317-41750,8560,10290,CHEVRON,VLT RUGER PREDATOR UNIT 0021WA,2022-01-01,32,31,6686,9978,6038
42-317-41750,8560,10290,CHEVRON,VLT RUGER PREDATOR UNIT 0021WA,2022-02-01,33,28,5460,9947,4992
42-317-41750,8560,10290,CHEVRON,VLT RUGER PREDATOR UNIT 0021WA,2022-03-01,34,31,5940,9381,5498
42-317-41750,8560,10290,CHEVRON,VLT RUGER PREDATOR UNIT 0021WA,2022-04-01,35,30,6785,11523,6360
42-317-41750,8560,10290,CHEVRON,VLT RUGER PREDATOR UNIT 0021WA,2022-05-01,36,31,3947,6176,3747
42-317-41750,8560,10290,CHEVRON,VLT RUGER PREDATOR UNIT 0021WA,2022-06-01,37,30,2585,0,2486
42-317-41750,8560,10290,CHEVRON,VLT RUGER PREDATOR UNIT 0021WA,2022-07-01,38,31,5056,4538,4924
42-317-41750,8560,10290,CHEVRON,VLT RUGER PREDATOR UNIT 0021WA,2022-08-01,39,31,5392,7634,5319
42-317-41750,8560,10290,CHEVRON,VLT RUGER PREDATOR UNIT 0021WA,2022-09-01,40,30,4666,4596,4662
42-317-41750,8560,10290,CHEVRON,VLT RUGER PREDATOR UNIT 0021WA,2022-10-01,41,31,3911,3334,3957
42-317-40744,8556,7470,"VENCER ENERGY, LLC",MCMURRY-CRIM 70 107HA,2017-12-01,1,31,13850,7406,18302
42-317-40744,8556,7470,"VENCER ENERGY, LLC",MCMURRY-CRIM 70 107HA,2018-01-01,2,31,16835,8679,39080
42-317-40744,8556,7470,"VENCER ENERGY, LLC",MCMURRY-CRIM 70 107HA,2018-02-01,3,28,11416,13716,29730
42-317-40744,8556,7470,"VENCER ENERGY, LLC",MCMURRY-CRIM 70 107HA,2018-03-01,4,31,14824,13310,43289
42-317-40744,8556,7470,"VENCER ENERGY, LLC",MCMURRY-CRIM 70 107HA,2018-04-01,5,30,9161,6196,30124
42-317-40744,8556,7470,"VENCER ENERGY, LLC",MCMURRY-CRIM 70 107HA,2018-05-01,6,31,732,5542,2710
42-317-40744,8556,7470,"VENCER ENERGY, LLC",MCMURRY-CRIM 70 107HA,2018-06-01,7,30,3642,1994,15183
42-317-40744,8556,7470,"VENCER ENERGY, LLC",MCMURRY-CRIM 70 107HA,2018-07-01,8,31,7414,4506,34799
42-317-40744,8556,7470,"VENCER ENERGY, LLC",MCMURRY-CRIM 70 107HA,2018-08-01,9,31,3966,1505,21003
42-317-40744,8556,7470,"VENCER ENERGY, LLC",MCMURRY-CRIM 70 107HA,2018-09-01,10,30,4116,2829,24545
42-317-40744,8556,7470,"VENCER ENERGY, LLC",MCMURRY-CRIM 70 107HA,2018-10-01,11,31,3533,4586,23718
42-317-40744,8556,7470,"VENCER ENERGY, LLC",MCMURRY-CRIM 70 107HA,2018-11-01,12,30,2553,3506,19298
42-317-40744,8556,7470,"VENCER ENERGY, LLC",MCMURRY-CRIM 70 107HA,2018-12-01,13,31,2281,3060,19416
42-317-40744,8556,7470,"VENCER ENERGY, LLC",MCMURRY-CRIM 70 107HA,2019-01-01,14,31,1467,1597,14085
42-317-40744,8556,7470,"VENCER ENERGY, LLC",MCMURRY-CRIM 70 107HA,2019-02-01,15,28,19,0,209
42-317-40744,8556,7470,"VENCER ENERGY, LLC",MCMURRY-CRIM 70 107HA,2019-03-01,16,31,475,608,5737
42-317-40744,8556,7470,"VENCER ENERGY, LLC",MCMURRY-CRIM 70 107HA,2019-04-01,17,30,798,301,10861
42-317-40744,8556,7470,"VENCER ENERGY, LLC",MCMURRY-CRIM 70 107HA,2019-05-01,18,31,783,354,11990
42-317-40744,8556,7470,"VENCER ENERGY, LLC",MCMURRY-CRIM 70 107HA,2019-06-01,19,30,743,1036,12819
42-317-40744,8556,7470,"VENCER ENERGY, LLC",MCMURRY-CRIM 70 107HA,2019-07-01,20,31,973,1245,18898
42-317-40744,8556,7470,"VENCER ENERGY, LLC",MCMURRY-CRIM 70 107HA,2019-08-01,21,31,889,1287,19478
42-317-40744,8556,7470,"VENCER ENERGY, LLC",MCMURRY-CRIM 70 107HA,2019-09-01,22,30,769,1054,18969
42-317-40744,8556,7470,"VENCER ENERGY, LLC",MCMURRY-CRIM 70 107HA,2019-10-01,23,31,659,1266,18175
42-317-40744,8556,7470,"VENCER ENERGY, LLC",MCMURRY-CRIM 70 107HA,2019-11-01,24,30,456,1235,13799
42-317-40744,8556,7470,"VENCER ENERGY, LLC",MCMURRY-CRIM 70 107HA,2019-12-01,25,31,380,1203,12416
42-317-40744,8556,7470,"VENCER ENERGY, LLC",MCMURRY-CRIM 70 107HA,2020-01-01,26,31,341,827,11834
42-317-40744,8556,7470,"VENCER ENERGY, LLC",MCMURRY-CRIM 70 107HA,2020-02-01,27,29,286,705,10378
42-317-40744,8556,7470,"VENCER ENERGY, LLC",MCMURRY-CRIM 70 107HA,2020-03-01,28,31,253,669,9495
42-317-40744,8556,7470,"VENCER ENERGY, LLC",MCMURRY-CRIM 70 107HA,2020-04-01,29,30,189,503,7279
42-317-40744,8556,7470,"VENCER ENERGY, LLC",MCMURRY-CRIM 70 107HA,2020-05-01,30,31,158,480,6199
42-317-40744,8556,7470,"VENCER ENERGY, LLC",MCMURRY-CRIM 70 107HA,2020-06-01,31,30,132,380,5231
42-317-40744,8556,7470,"VENCER ENERGY, LLC",MCMURRY-CRIM 70 107HA,2020-07-01,32,31,106,262,4252
42-317-40744,8556,7470,"VENCER ENERGY, LLC",MCMURRY-CRIM 70 107HA,2020-08-01,33,31,91,281,3676
42-317-40744,8556,7470,"VENCER ENERGY, LLC",MCMURRY-CRIM 70 107HA,2020-09-01,34,30,74,225,3008
42-317-40744,8556,7470,"VENCER ENERGY, LLC",MCMURRY-CRIM 70 107HA,2020-10-01,35,31,57,134,2292
42-317-40744,8556,7470,"VENCER ENERGY, LLC",MCMURRY-CRIM 70 107HA,2020-11-01,36,30,57,163,2309
42-317-40744,8556,7470,"VENCER ENERGY, LLC",MCMURRY-CRIM 70 107HA,2020-12-01,37,31,35,101,1437
42-317-40744,8556,7470,"VENCER ENERGY, LLC",MCMURRY-CRIM 70 107HA,2021-01-01,38,31,38,131,1542
42-317-40744,8556,7470,"VENCER ENERGY, LLC",MCMURRY-CRIM 70 107HA,2021-02-01,39,28,27,84,1094
42-317-40744,8556,7470,"VENCER ENERGY, LLC",MCMURRY-CRIM 70 107HA,2021-03-01,40,31,38,94,1545
42-317-40744,8556,7470,"VENCER ENERGY, LLC",MCMURRY-CRIM 70 107HA,2021-04-01,41,30,27,99,1120
42-317-40744,8556,7470,"VENCER ENERGY, LLC",MCMURRY-CRIM 70 107HA,2021-05-01,42,31,27,114,1100
42-317-40744,8556,7470,"VENCER ENERGY, LLC",MCMURRY-CRIM 70 107HA,2021-06-01,43,30,19,94,778
42-317-40744,8556,7470,"VENCER ENERGY, LLC",MCMURRY-CRIM 70 107HA,2021-07-01,44,31,16,88,669
42-317-40744,8556,7470,"VENCER ENERGY, LLC",MCMURRY-CRIM 70 107HA,2021-08-01,45,31,14,73,556
42-317-40744,8556,7470,"VENCER ENERGY, LLC",MCMURRY-CRIM 70 107HA,2021-09-01,46,30,12,76,475
42-317-40744,8556,7470,"VENCER ENERGY, LLC",MCMURRY-CRIM 70 107HA,2021-10-01,47,31,10,72,415
42-317-40744,8556,7470,"VENCER ENERGY, LLC",MCMURRY-CRIM 70 107HA,2021-11-01,48,30,8,57,320
42-317-40744,8556,7470,"VENCER ENERGY, LLC",MCMURRY-CRIM 70 107HA,2021-12-01,49,31,8,50,309
42-317-40744,8556,7470,"VENCER ENERGY, LLC",MCMURRY-CRIM 70 107HA,2022-01-01,50,31,6,44,258
42-317-40744,8556,7470,"VENCER ENERGY, LLC",MCMURRY-CRIM 70 107HA,2022-02-01,51,28,6,36,234
42-317-40744,8556,7470,"VENCER ENERGY, LLC",MCMURRY-CRIM 70 107HA,2022-03-01,52,31,6,42,230
42-317-40744,8556,7470,"VENCER ENERGY, LLC",MCMURRY-CRIM 70 107HA,2022-04-01,53,30,4,23,167
42-317-40744,8556,7470,"VENCER ENERGY, LLC",MCMURRY-CRIM 70 107HA,2022-05-01,54,31,1,7,32
42-317-40744,8556,7470,"VENCER ENERGY, LLC",MCMURRY-CRIM 70 107HA,2022-06-01,55,30,0,6,19
42-317-40744,8556,7470,"VENCER ENERGY, LLC",MCMURRY-CRIM 70 107HA,2022-07-01,56,31,1,10,54
42-317-40744,8556,7470,"VENCER ENERGY, LLC",MCMURRY-CRIM 70 107HA,2022-08-01,57,31,2,2,66
42-317-40744,8556,7470,"VENCER ENERGY, LLC",MCMURRY-CRIM 70 107HA,2022-09-01,58,30,2,1,76
42-317-40744,8556,7470,"VENCER ENERGY, LLC",MCMURRY-CRIM 70 107HA,2022-10-01,59,31,2,7,73
42-317-41470,8446,9872,PIONEER,MEEK-HARDIN 3B 2H,2019-05-01,1,31,33201,22915,44276
42-317-41470,8446,9872,PIONEER,MEEK-HARDIN 3B 2H,2019-06-01,2,30,40383,29914,58909
42-317-41470,8446,9872,PIONEER,MEEK-HARDIN 3B 2H,2019-07-01,3,31,34807,28936,46366
42-317-41470,8446,9872,PIONEER,MEEK-HARDIN 3B 2H,2019-08-01,4,31,26399,25112,34101
42-317-41470,8446,9872,PIONEER,MEEK-HARDIN 3B 2H,2019-09-01,5,30,21523,21542,26974
42-317-41470,8446,9872,PIONEER,MEEK-HARDIN 3B 2H,2019-10-01,6,31,19065,19746,23182
42-317-41470,8446,9872,PIONEER,MEEK-HARDIN 3B 2H,2019-11-01,7,30,15680,21230,18498
42-317-41470,8446,9872,PIONEER,MEEK-HARDIN 3B 2H,2019-12-01,8,31,14913,20289,17069
42-317-41470,8446,9872,PIONEER,MEEK-HARDIN 3B 2H,2020-01-01,9,31,13814,17912,15332
42-317-41470,8446,9872,PIONEER,MEEK-HARDIN 3B 2H,2020-02-01,10,29,11785,15101,12697
42-317-41470,8446,9872,PIONEER,MEEK-HARDIN 3B 2H,2020-03-01,11,31,10352,10921,10826
42-317-41470,8446,9872,PIONEER,MEEK-HARDIN 3B 2H,2020-04-01,12,30,8222,8850,8342
42-317-41470,8446,9872,PIONEER,MEEK-HARDIN 3B 2H,2020-05-01,13,0,0,0,0
42-317-41470,8446,9872,PIONEER,MEEK-HARDIN 3B 2H,2020-06-01,14,30,6082,5035,5809
42-317-41470,8446,9872,PIONEER,MEEK-HARDIN 3B 2H,2020-07-01,15,31,8009,5747,7421
42-317-41470,8446,9872,PIONEER,MEEK-HARDIN 3B 2H,2020-08-01,16,31,8013,6054,7200
42-317-41470,8446,9872,PIONEER,MEEK-HARDIN 3B 2H,2020-09-01,17,30,7369,6402,6424
42-317-41470,8446,9872,PIONEER,MEEK-HARDIN 3B 2H,2020-10-01,18,31,7715,7122,6526
42-317-41470,8446,9872,PIONEER,MEEK-HARDIN 3B 2H,2020-11-01,19,30,7369,5666,6047
42-317-41470,8446,9872,PIONEER,MEEK-HARDIN 3B 2H,2020-12-01,20,31,8268,6393,6583
42-317-41470,8446,9872,PIONEER,MEEK-HARDIN 3B 2H,2021-01-01,21,31,8561,7977,6610
42-317-41470,8446,9872,PIONEER,MEEK-HARDIN 3B 2H,2021-02-01,22,28,5702,5536,4275
42-317-41470,8446,9872,PIONEER,MEEK-HARDIN 3B 2H,2021-03-01,23,31,7661,7929,5579
42-317-41470,8446,9872,PIONEER,MEEK-HARDIN 3B 2H,2021-04-01,24,30,7890,9425,5574
42-317-41470,8446,9872,PIONEER,MEEK-HARDIN 3B 2H,2021-05-01,25,31,5674,6149,3889
42-317-41470,8446,9872,PIONEER,MEEK-HARDIN 3B 2H,2021-06-01,26,30,3293,2892,2190
42-317-41470,8446,9872,PIONEER,MEEK-HARDIN 3B 2H,2021-07-01,27,31,5599,5439,3613
42-317-41470,8446,9872,PIONEER,MEEK-HARDIN 3B 2H,2021-08-01,28,31,6312,7689,3949
42-317-41470,8446,9872,PIONEER,MEEK-HARDIN 3B 2H,2021-09-01,29,30,6294,10029,3821
42-317-41470,8446,9872,PIONEER,MEEK-HARDIN 3B 2H,2021-10-01,30,31,6369,10348,3751
42-317-41470,8446,9872,PIONEER,MEEK-HARDIN 3B 2H,2021-11-01,31,30,6227,9343,3558
42-317-41470,8446,9872,PIONEER,MEEK-HARDIN 3B 2H,2021-12-01,32,31,5389,7328,2988
42-317-41470,8446,9872,PIONEER,MEEK-HARDIN 3B 2H,2022-01-01,33,31,5481,7346,2947
42-317-41470,8446,9872,PIONEER,MEEK-HARDIN 3B 2H,2022-02-01,34,28,5376,6740,2807
42-317-41470,8446,9872,PIONEER,MEEK-HARDIN 3B 2H,2022-03-01,35,31,5562,6955,2820
42-317-41470,8446,9872,PIONEER,MEEK-HARDIN 3B 2H,2022-04-01,36,30,4648,6282,2287
42-317-41470,8446,9872,PIONEER,MEEK-HARDIN 3B 2H,2022-05-01,37,31,3905,5107,1864
42-317-41470,8446,9872,PIONEER,MEEK-HARDIN 3B 2H,2022-06-01,38,30,3209,3701,1486
42-317-41470,8446,9872,PIONEER,MEEK-HARDIN 3B 2H,2022-07-01,39,31,2974,3282,1336
42-317-41470,8446,9872,PIONEER,MEEK-HARDIN 3B 2H,2022-08-01,40,31,3541,3682,1543
42-317-41470,8446,9872,PIONEER,MEEK-HARDIN 3B 2H,2022-09-01,41,30,3411,3564,1442
42-317-41470,8446,9872,PIONEER,MEEK-HARDIN 3B 2H,2022-10-01,42,31,2812,4365,1153
42-317-41470,8446,9872,PIONEER,MEEK-HARDIN 3B 2H,2022-11-01,43,30,4012,6102,1596
42-317-41666,8504,10311,CHEVRON,VLT BROWNING MEDALLION UNIT 0012WA,2019-09-01,1,30,26147,17718,17935
42-317-41666,8504,10311,CHEVRON,VLT BROWNING MEDALLION UNIT 0012WA,2019-10-01,2,31,41381,26015,35191
42-317-41666,8504,10311,CHEVRON,VLT BROWNING MEDALLION UNIT 0012WA,2019-11-01,3,30,40279,28678,29341
42-317-41666,8504,10311,CHEVRON,VLT BROWNING MEDALLION UNIT 0012WA,2019-12-01,4,31,32411,25575,23657
42-317-41666,8504,10311,CHEVRON,VLT BROWNING MEDALLION UNIT 0012WA,2020-01-01,5,31,28125,21740,20571
42-317-41666,8504,10311,CHEVRON,VLT BROWNING MEDALLION UNIT 0012WA,2020-02-01,6,29,20872,15919,15296
42-317-41666,8504,10311,CHEVRON,VLT BROWNING MEDALLION UNIT 0012WA,2020-03-01,7,31,15418,11234,11322
42-317-41666,8504,10311,CHEVRON,VLT BROWNING MEDALLION UNIT 0012WA,2020-04-01,8,30,19812,14797,14578
42-317-41666,8504,10311,CHEVRON,VLT BROWNING MEDALLION UNIT 0012WA,2020-05-01,9,31,16884,14304,12449
42-317-41666,8504,10311,CHEVRON,VLT BROWNING MEDALLION UNIT 0012WA,2020-06-01,10,30,18299,17131,13519
42-317-41666,8504,10311,CHEVRON,VLT BROWNING MEDALLION UNIT 0012WA,2020-07-01,11,31,17984,16858,13313
42-317-41666,8504,10311,CHEVRON,VLT BROWNING MEDALLION UNIT 0012WA,2020-08-01,12,31,16324,14736,12109
42-317-41666,8504,10311,CHEVRON,VLT BROWNING MEDALLION UNIT 0012WA,2020-09-01,13,30,14900,12587,11075
42-317-41666,8504,10311,CHEVRON,VLT BROWNING MEDALLION UNIT 0012WA,2020-10-01,14,31,14577,12179,10857
42-317-41666,8504,10311,CHEVRON,VLT BROWNING MEDALLION UNIT 0012WA,2020-11-01,15,30,12923,10542,9645
42-317-41666,8504,10311,CHEVRON,VLT BROWNING MEDALLION UNIT 0012WA,2020-12-01,16,31,12625,10492,9441
42-317-41666,8504,10311,CHEVRON,VLT BROWNING MEDALLION UNIT 0012WA,2021-01-01,17,31,11738,10330,8796
42-317-41666,8504,10311,CHEVRON,VLT BROWNING MEDALLION UNIT 0012WA,2021-02-01,18,28,11277,6349,8467
42-317-41666,8504,10311,CHEVRON,VLT BROWNING MEDALLION UNIT 0012WA,2021-03-01,19,31,2169,1180,1632
42-317-41666,8504,10311,CHEVRON,VLT BROWNING MEDALLION UNIT 0012WA,2021-04-01,20,30,11977,4821,9029
42-317-41666,8504,10311,CHEVRON,VLT BROWNING MEDALLION UNIT 0012WA,2021-05-01,21,31,11848,4749,8949
42-317-41666,8504,10311,CHEVRON,VLT BROWNING MEDALLION UNIT 0012WA,2021-06-01,22,30,10394,5653,7867
42-317-41666,8504,10311,CHEVRON,VLT BROWNING MEDALLION UNIT 0012WA,2021-07-01,23,31,9734,9818,7382
42-317-41666,8504,10311,CHEVRON,VLT BROWNING MEDALLION UNIT 0012WA,2021-08-01,24,31,9420,0,7159
42-317-41666,8504,10311,CHEVRON,VLT BROWNING MEDALLION UNIT 0012WA,2021-09-01,25,30,8230,2390,6267
42-317-41666,8504,10311,CHEVRON,VLT BROWNING MEDALLION UNIT 0012WA,2021-10-01,26,31,8008,6012,6110
42-317-41666,8504,10311,CHEVRON,VLT BROWNING MEDALLION UNIT 0012WA,2021-11-01,27,30,8051,7247,6156
42-317-41666,8504,10311,CHEVRON,VLT BROWNING MEDALLION UNIT 0012WA,2021-12-01,28,31,7862,8244,6023
42-317-41666,8504,10311,CHEVRON,VLT BROWNING MEDALLION UNIT 0012WA,2022-01-01,29,31,7187,7509,5518
42-317-41666,8504,10311,CHEVRON,VLT BROWNING MEDALLION UNIT 0012WA,2022-02-01,30,28,6227,6441,4790
42-317-41666,8504,10311,CHEVRON,VLT BROWNING MEDALLION UNIT 0012WA,2022-03-01,31,31,5777,6564,4452
42-317-41666,8504,10311,CHEVRON,VLT BROWNING MEDALLION UNIT 0012WA,2022-04-01,32,30,7336,7954,5665
42-317-41666,8504,10311,CHEVRON,VLT BROWNING MEDALLION UNIT 0012WA,2022-05-01,33,31,6800,5838,5262
42-317-41666,8504,10311,CHEVRON,VLT BROWNING MEDALLION UNIT 0012WA,2022-06-01,34,30,6560,5038,5087
42-317-41666,8504,10311,CHEVRON,VLT BROWNING MEDALLION UNIT 0012WA,2022-07-01,35,31,6535,2375,5078
42-317-41666,8504,10311,CHEVRON,VLT BROWNING MEDALLION UNIT 0012WA,2022-08-01,36,31,6166,1577,4801
42-317-41666,8504,10311,CHEVRON,VLT BROWNING MEDALLION UNIT 0012WA,2022-09-01,37,30,5988,2674,4672
42-317-41666,8504,10311,CHEVRON,VLT BROWNING MEDALLION UNIT 0012WA,2022-10-01,38,31,4154,1832,3247
42-317-43955,8470,10374,EXXON,DIRE WOLF UNIT 2 0417AH,2022-09-01,1,30,17506,19254,35866
42-317-43955,8470,10374,EXXON,DIRE WOLF UNIT 2 0417AH,2022-10-01,2,31,22987,25939,58277
42-317-43955,8470,10374,EXXON,DIRE WOLF UNIT 2 0417AH,2022-11-01,3,30,23281,28668,59039
42-317-40604,8605,7410,"VENCER ENERGY, LLC",MCMURRY-CRIM 30 103HA,2017-09-01,1,30,11815,10717,21154
42-317-40604,8605,7410,"VENCER ENERGY, LLC",MCMURRY-CRIM 30 103HA,2017-10-01,2,31,18897,17777,33995
42-317-40604,8605,7410,"VENCER ENERGY, LLC",MCMURRY-CRIM 30 103HA,2017-11-01,3,30,16688,12663,30212
42-317-40604,8605,7410,"VENCER ENERGY, LLC",MCMURRY-CRIM 30 103HA,2017-12-01,4,31,13401,15457,24415
42-317-40604,8605,7410,"VENCER ENERGY, LLC",MCMURRY-CRIM 30 103HA,2018-01-01,5,31,7992,5558,14655
42-317-40604,8605,7410,"VENCER ENERGY, LLC",MCMURRY-CRIM 30 103HA,2018-02-01,6,28,13256,22048,24456
42-317-40604,8605,7410,"VENCER ENERGY, LLC",MCMURRY-CRIM 30 103HA,2018-03-01,7,31,12607,26470,23401
42-317-40604,8605,7410,"VENCER ENERGY, LLC",MCMURRY-CRIM 30 103HA,2018-04-01,8,30,6288,13128,11746
42-317-40604,8605,7410,"VENCER ENERGY, LLC",MCMURRY-CRIM 30 103HA,2018-05-01,9,31,2389,2025,4492
42-317-40604,8605,7410,"VENCER ENERGY, LLC",MCMURRY-CRIM 30 103HA,2018-06-01,10,30,5814,3518,11000
42-317-40604,8605,7410,"VENCER ENERGY, LLC",MCMURRY-CRIM 30 103HA,2018-07-01,11,31,7121,7044,13557
42-317-40604,8605,7410,"VENCER ENERGY, LLC",MCMURRY-CRIM 30 103HA,2018-08-01,12,31,9096,9276,17430
42-317-40604,8605,7410,"VENCER ENERGY, LLC",MCMURRY-CRIM 30 103HA,2018-09-01,13,30,8399,19922,16196
42-317-40604,8605,7410,"VENCER ENERGY, LLC",MCMURRY-CRIM 30 103HA,2018-10-01,14,31,6259,13762,12146
42-317-40604,8605,7410,"VENCER ENERGY, LLC",MCMURRY-CRIM 30 103HA,2018-11-01,15,30,7515,18789,14676
42-317-40604,8605,7410,"VENCER ENERGY, LLC",MCMURRY-CRIM 30 103HA,2018-12-01,16,31,7867,21490,15461
42-317-40604,8605,7410,"VENCER ENERGY, LLC",MCMURRY-CRIM 30 103HA,2019-01-01,17,31,6375,22560,12610
42-317-40604,8605,7410,"VENCER ENERGY, LLC",MCMURRY-CRIM 30 103HA,2019-02-01,18,28,4291,15945,8540
42-317-40604,8605,7410,"VENCER ENERGY, LLC",MCMURRY-CRIM 30 103HA,2019-03-01,19,31,5755,13849,11523
42-317-40604,8605,7410,"VENCER ENERGY, LLC",MCMURRY-CRIM 30 103HA,2019-04-01,20,30,4800,12892,9673
42-317-40604,8605,7410,"VENCER ENERGY, LLC",MCMURRY-CRIM 30 103HA,2019-05-01,21,31,4412,19740,8947
42-317-40604,8605,7410,"VENCER ENERGY, LLC",MCMURRY-CRIM 30 103HA,2019-06-01,22,30,3757,17568,7668
42-317-40604,8605,7410,"VENCER ENERGY, LLC",MCMURRY-CRIM 30 103HA,2019-07-01,23,31,3438,17216,7061
42-317-40604,8605,7410,"VENCER ENERGY, LLC",MCMURRY-CRIM 30 103HA,2019-08-01,24,31,3202,19107,6618
42-317-40604,8605,7410,"VENCER ENERGY, LLC",MCMURRY-CRIM 30 103HA,2019-09-01,25,30,3024,15730,6291
42-317-40604,8605,7410,"VENCER ENERGY, LLC",MCMURRY-CRIM 30 103HA,2019-10-01,26,31,3196,15116,6691
42-317-40604,8605,7410,"VENCER ENERGY, LLC",MCMURRY-CRIM 30 103HA,2019-11-01,27,30,3096,14593,6522
42-317-40604,8605,7410,"VENCER ENERGY, LLC",MCMURRY-CRIM 30 103HA,2019-12-01,28,31,3249,14585,6887
42-317-40604,8605,7410,"VENCER ENERGY, LLC",MCMURRY-CRIM 30 103HA,2020-01-01,29,31,2412,15008,5147
42-317-40604,8605,7410,"VENCER ENERGY, LLC",MCMURRY-CRIM 30 103HA,2020-02-01,30,29,1915,13448,4111
42-317-40604,8605,7410,"VENCER ENERGY, LLC",MCMURRY-CRIM 30 103HA,2020-03-01,31,31,2249,15951,4859
42-317-40604,8605,7410,"VENCER ENERGY, LLC",MCMURRY-CRIM 30 103HA,2020-04-01,32,30,1835,14597,3990
42-317-40604,8605,7410,"VENCER ENERGY, LLC",MCMURRY-CRIM 30 103HA,2020-05-01,33,31,1906,16012,4170
42-317-40604,8605,7410,"VENCER ENERGY, LLC",MCMURRY-CRIM 30 103HA,2020-06-01,34,30,1898,15084,4179
42-317-40604,8605,7410,"VENCER ENERGY, LLC",MCMURRY-CRIM 30 103HA,2020-07-01,35,31,1816,16022,4024
42-317-40604,8605,7410,"VENCER ENERGY, LLC",MCMURRY-CRIM 30 103HA,2020-08-01,36,31,1800,15189,4014
42-317-40604,8605,7410,"VENCER ENERGY, LLC",MCMURRY-CRIM 30 103HA,2020-09-01,37,30,1482,13372,3326
42-317-40604,8605,7410,"VENCER ENERGY, LLC",MCMURRY-CRIM 30 103HA,2020-10-01,38,31,1386,12883,3131
42-317-40604,8605,7410,"VENCER ENERGY, LLC",MCMURRY-CRIM 30 103HA,2020-11-01,39,30,1500,12351,3410
42-317-40604,8605,7410,"VENCER ENERGY, LLC",MCMURRY-CRIM 30 103HA,2020-12-01,40,31,1411,7135,3228
42-317-40604,8605,7410,"VENCER ENERGY, LLC",MCMURRY-CRIM 30 103HA,2021-01-01,41,31,1326,13209,3052
42-317-40604,8605,7410,"VENCER ENERGY, LLC",MCMURRY-CRIM 30 103HA,2021-02-01,42,28,814,9959,1886
42-317-40604,8605,7410,"VENCER ENERGY, LLC",MCMURRY-CRIM 30 103HA,2021-03-01,43,31,1111,14461,2589
42-317-40604,8605,7410,"VENCER ENERGY, LLC",MCMURRY-CRIM 30 103HA,2021-04-01,44,30,1295,12678,3038
42-317-40604,8605,7410,"VENCER ENERGY, LLC",MCMURRY-CRIM 30 103HA,2021-05-01,45,31,1351,15312,3188
42-317-40604,8605,7410,"VENCER ENERGY, LLC",MCMURRY-CRIM 30 103HA,2021-06-01,46,30,1105,14540,2625
42-317-40604,8605,7410,"VENCER ENERGY, LLC",MCMURRY-CRIM 30 103HA,2021-07-01,47,31,1049,15592,2507
42-317-40604,8605,7410,"VENCER ENERGY, LLC",MCMURRY-CRIM 30 103HA,2021-08-01,48,31,1077,16373,2591
42-317-40604,8605,7410,"VENCER ENERGY, LLC",MCMURRY-CRIM 30 103HA,2021-09-01,49,30,984,14044,2382
42-317-40604,8605,7410,"VENCER ENERGY, LLC",MCMURRY-CRIM 30 103HA,2021-10-01,50,31,1042,15052,2539
42-317-40604,8605,7410,"VENCER ENERGY, LLC",MCMURRY-CRIM 30 103HA,2021-11-01,51,30,987,15733,2420
42-317-40604,8605,7410,"VENCER ENERGY, LLC",MCMURRY-CRIM 30 103HA,2021-12-01,52,31,994,14504,2454
42-317-40604,8605,7410,"VENCER ENERGY, LLC",MCMURRY-CRIM 30 103HA,2022-01-01,53,31,767,13758,1904
42-317-40604,8605,7410,"VENCER ENERGY, LLC",MCMURRY-CRIM 30 103HA,2022-02-01,54,28,573,10272,1432
42-317-40604,8605,7410,"VENCER ENERGY, LLC",MCMURRY-CRIM 30 103HA,2022-03-01,55,31,938,11115,2358
42-317-40604,8605,7410,"VENCER ENERGY, LLC",MCMURRY-CRIM 30 103HA,2022-04-01,56,30,886,13462,2243
42-317-40604,8605,7410,"VENCER ENERGY, LLC",MCMURRY-CRIM 30 103HA,2022-05-01,57,31,672,13072,1712
42-317-40604,8605,7410,"VENCER ENERGY, LLC",MCMURRY-CRIM 30 103HA,2022-06-01,58,30,686,11363,1758
42-317-40604,8605,7410,"VENCER ENERGY, LLC",MCMURRY-CRIM 30 103HA,2022-07-01,59,31,667,11172,1719
42-317-40604,8605,7410,"VENCER ENERGY, LLC",MCMURRY-CRIM 30 103HA,2022-08-01,60,31,760,18494,1971
42-317-40604,8605,7410,"VENCER ENERGY, LLC",MCMURRY-CRIM 30 103HA,2022-09-01,61,30,756,15712,1973
42-317-40604,8605,7410,"VENCER ENERGY, LLC",MCMURRY-CRIM 30 103HA,2022-10-01,62,31,823,12734,2164
42-317-41637,8664,10032,"VENCER ENERGY, LLC",TEXACO 41-MCMURRY B 30 103HB,2019-03-01,1,31,6713,3270,13870
42-317-41637,8664,10032,"VENCER ENERGY, LLC",TEXACO 41-MCMURRY B 30 103HB,2019-04-01,2,30,17571,15414,37885
42-317-41637,8664,10032,"VENCER ENERGY, LLC",TEXACO 41-MCMURRY B 30 103HB,2019-05-01,3,31,13382,19733,28804
42-317-41637,8664,10032,"VENCER ENERGY, LLC",TEXACO 41-MCMURRY B 30 103HB,2019-06-01,4,30,13898,26148,29864
42-317-41637,8664,10032,"VENCER ENERGY, LLC",TEXACO 41-MCMURRY B 30 103HB,2019-07-01,5,31,10802,24647,23171
42-317-41637,8664,10032,"VENCER ENERGY, LLC",TEXACO 41-MCMURRY B 30 103HB,2019-08-01,6,31,8079,20525,17300
42-317-41637,8664,10032,"VENCER ENERGY, LLC",TEXACO 41-MCMURRY B 30 103HB,2019-09-01,7,30,6568,16704,14041
42-317-41637,8664,10032,"VENCER ENERGY, LLC",TEXACO 41-MCMURRY B 30 103HB,2019-10-01,8,31,6373,19424,13601
42-317-41637,8664,10032,"VENCER ENERGY, LLC",TEXACO 41-MCMURRY B 30 103HB,2019-11-01,9,30,5259,19104,11205
42-317-41637,8664,10032,"VENCER ENERGY, LLC",TEXACO 41-MCMURRY B 30 103HB,2019-12-01,10,31,4257,20017,9055
42-317-41637,8664,10032,"VENCER ENERGY, LLC",TEXACO 41-MCMURRY B 30 103HB,2020-01-01,11,31,3237,9540,6873
42-317-41637,8664,10032,"VENCER ENERGY, LLC",TEXACO 41-MCMURRY B 30 103HB,2020-02-01,12,29,5019,14770,10639
42-317-41637,8664,10032,"VENCER ENERGY, LLC",TEXACO 41-MCMURRY B 30 103HB,2020-03-01,13,31,4399,17421,9308
42-317-41637,8664,10032,"VENCER ENERGY, LLC",TEXACO 41-MCMURRY B 30 103HB,2020-04-01,14,30,3810,10929,8048
42-317-41637,8664,10032,"VENCER ENERGY, LLC",TEXACO 41-MCMURRY B 30 103HB,2020-05-01,15,31,3789,11241,7990
42-317-41637,8664,10032,"VENCER ENERGY, LLC",TEXACO 41-MCMURRY B 30 103HB,2020-06-01,16,30,2916,9941,6138
42-317-41637,8664,10032,"VENCER ENERGY, LLC",TEXACO 41-MCMURRY B 30 103HB,2020-07-01,17,31,3406,11028,7159
42-317-41637,8664,10032,"VENCER ENERGY, LLC",TEXACO 41-MCMURRY B 30 103HB,2020-08-01,18,31,2918,10343,6123
42-317-41637,8664,10032,"VENCER ENERGY, LLC",TEXACO 41-MCMURRY B 30 103HB,2020-09-01,19,30,2614,9308,5475
42-317-41637,8664,10032,"VENCER ENERGY, LLC",TEXACO 41-MCMURRY B 30 103HB,2020-10-01,20,31,2798,9576,5850
42-317-41637,8664,10032,"VENCER ENERGY, LLC",TEXACO 41-MCMURRY B 30 103HB,2020-11-01,21,30,1843,7311,3846
42-317-41637,8664,10032,"VENCER ENERGY, LLC",TEXACO 41-MCMURRY B 30 103HB,2020-12-01,22,31,2043,4023,4258
42-317-41637,8664,10032,"VENCER ENERGY, LLC",TEXACO 41-MCMURRY B 30 103HB,2021-01-01,23,31,2976,6124,6191
42-317-41637,8664,10032,"VENCER ENERGY, LLC",TEXACO 41-MCMURRY B 30 103HB,2021-02-01,24,28,1658,3850,3444
42-317-41637,8664,10032,"VENCER ENERGY, LLC",TEXACO 41-MCMURRY B 30 103HB,2021-03-01,25,31,1822,5239,3777
42-317-41637,8664,10032,"VENCER ENERGY, LLC",TEXACO 41-MCMURRY B 30 103HB,2021-04-01,26,30,1944,5995,4023
42-317-41637,8664,10032,"VENCER ENERGY, LLC",TEXACO 41-MCMURRY B 30 103HB,2021-05-01,27,31,2332,7258,4818
42-317-41637,8664,10032,"VENCER ENERGY, LLC",TEXACO 41-MCMURRY B 30 103HB,2021-06-01,28,30,1884,6755,3886
42-317-41637,8664,10032,"VENCER ENERGY, LLC",TEXACO 41-MCMURRY B 30 103HB,2021-07-01,29,31,1952,8222,4019
42-317-41637,8664,10032,"VENCER ENERGY, LLC",TEXACO 41-MCMURRY B 30 103HB,2021-08-01,30,31,1887,9044,3880
42-317-41637,8664,10032,"VENCER ENERGY, LLC",TEXACO 41-MCMURRY B 30 103HB,2021-09-01,31,30,1838,11791,3772
42-317-41637,8664,10032,"VENCER ENERGY, LLC",TEXACO 41-MCMURRY B 30 103HB,2021-10-01,32,31,1530,10876,3135
42-317-41637,8664,10032,"VENCER ENERGY, LLC",TEXACO 41-MCMURRY B 30 103HB,2021-11-01,33,30,1246,8599,2549
42-317-41637,8664,10032,"VENCER ENERGY, LLC",TEXACO 41-MCMURRY B 30 103HB,2021-12-01,34,31,1394,9776,2845
42-317-41637,8664,10032,"VENCER ENERGY, LLC",TEXACO 41-MCMURRY B 30 103HB,2022-01-01,35,31,1640,8179,3343
42-317-41637,8664,10032,"VENCER ENERGY, LLC",TEXACO 41-MCMURRY B 30 103HB,2022-02-01,36,28,1351,7168,2748
42-317-41637,8664,10032,"VENCER ENERGY, LLC",TEXACO 41-MCMURRY B 30 103HB,2022-03-01,37,31,1343,10089,2728
42-317-41637,8664,10032,"VENCER ENERGY, LLC",TEXACO 41-MCMURRY B 30 103HB,2022-04-01,38,30,1088,8572,2207
42-317-41637,8664,10032,"VENCER ENERGY, LLC",TEXACO 41-MCMURRY B 30 103HB,2022-05-01,39,0,0,0,0
42-317-41637,8664,10032,"VENCER ENERGY, LLC",TEXACO 41-MCMURRY B 30 103HB,2022-06-01,40,30,172,2408,348
42-317-41637,8664,10032,"VENCER ENERGY, LLC",TEXACO 41-MCMURRY B 30 103HB,2022-07-01,41,31,432,781,871
42-317-41637,8664,10032,"VENCER ENERGY, LLC",TEXACO 41-MCMURRY B 30 103HB,2022-08-01,42,31,325,524,655
42-317-41637,8664,10032,"VENCER ENERGY, LLC",TEXACO 41-MCMURRY B 30 103HB,2022-09-01,43,30,540,487,1086
42-317-41637,8664,10032,"VENCER ENERGY, LLC",TEXACO 41-MCMURRY B 30 103HB,2022-10-01,44,31,786,1125,1577
42-317-41637,8664,10032,"VENCER ENERGY, LLC",TEXACO 41-MCMURRY B 30 103HB,2022-11-01,45,30,767,1770,1537
42-317-43950,8475,10376,EXXON,DIRE WOLF UNIT 2 0416AH,2022-09-01,1,30,9894,11561,20312
42-317-43950,8475,10376,EXXON,DIRE WOLF UNIT 2 0416AH,2022-10-01,2,31,27206,22102,60227
42-317-43950,8475,10376,EXXON,DIRE WOLF UNIT 2 0416AH,2022-11-01,3,30,27551,24411,61025
42-317-41358,8770,10254,EXXON,LENORAH 1-14 0614AH,2018-12-01,1,31,21031,18441,49218
42-317-41358,8770,10254,EXXON,LENORAH 1-14 0614AH,2019-01-01,2,31,17736,17183,42489
42-317-41358,8770,10254,EXXON,LENORAH 1-14 0614AH,2019-02-01,3,28,12483,11903,30422
42-317-41358,8770,10254,EXXON,LENORAH 1-14 0614AH,2019-03-01,4,31,14351,18630,35577
42-317-41358,8770,10254,EXXON,LENORAH 1-14 0614AH,2019-04-01,5,30,15315,28104,38644
42-317-41358,8770,10254,EXXON,LENORAH 1-14 0614AH,2019-05-01,6,31,14822,28820,38068
42-317-41358,8770,10254,EXXON,LENORAH 1-14 0614AH,2019-06-01,7,30,9786,28787,25582
42-317-41358,8770,10254,EXXON,LENORAH 1-14 0614AH,2019-07-01,8,31,9257,35088,24631
42-317-41358,8770,10254,EXXON,LENORAH 1-14 0614AH,2019-08-01,9,31,7854,23634,21277
42-317-41358,8770,10254,EXXON,LENORAH 1-14 0614AH,2019-09-01,10,30,6258,31834,17256
42-317-41358,8770,10254,EXXON,LENORAH 1-14 0614AH,2019-10-01,11,31,6140,33575,17233
42-317-41358,8770,10254,EXXON,LENORAH 1-14 0614AH,2019-11-01,12,30,5196,25176,14843
42-317-41358,8770,10254,EXXON,LENORAH 1-14 0614AH,2019-12-01,13,31,6690,21101,19452
42-317-41358,8770,10254,EXXON,LENORAH 1-14 0614AH,2020-01-01,14,31,6992,48131,20699
42-317-41358,8770,10254,EXXON,LENORAH 1-14 0614AH,2020-02-01,15,29,5423,44312,16336
42-317-41358,8770,10254,EXXON,LENORAH 1-14 0614AH,2020-03-01,16,31,6457,35228,19792
42-317-41358,8770,10254,EXXON,LENORAH 1-14 0614AH,2020-04-01,17,30,6153,34782,19197
42-317-41358,8770,10254,EXXON,LENORAH 1-14 0614AH,2020-05-01,18,31,4792,27836,15218
42-317-41358,8770,10254,EXXON,LENORAH 1-14 0614AH,2020-06-01,19,30,4576,21985,14791
42-317-41358,8770,10254,EXXON,LENORAH 1-14 0614AH,2020-07-01,20,31,4878,22114,16048
42-317-41358,8770,10254,EXXON,LENORAH 1-14 0614AH,2020-08-01,21,31,4841,22496,16216
42-317-41358,8770,10254,EXXON,LENORAH 1-14 0614AH,2020-09-01,22,30,4149,21031,14146
42-317-41358,8770,10254,EXXON,LENORAH 1-14 0614AH,2020-10-01,23,31,3795,33567,13170
42-317-41358,8770,10254,EXXON,LENORAH 1-14 0614AH,2020-11-01,24,30,3407,31466,12034
42-317-41358,8770,10254,EXXON,LENORAH 1-14 0614AH,2020-12-01,25,31,2605,20090,9366
42-317-41358,8770,10254,EXXON,LENORAH 1-14 0614AH,2021-01-01,26,31,3266,20700,11955
42-317-41358,8770,10254,EXXON,LENORAH 1-14 0614AH,2021-02-01,27,28,1728,17048,6434
42-317-41358,8770,10254,EXXON,LENORAH 1-14 0614AH,2021-03-01,28,31,2870,19168,10871
42-317-41358,8770,10254,EXXON,LENORAH 1-14 0614AH,2021-04-01,29,30,2841,23999,10953
42-317-41358,8770,10254,EXXON,LENORAH 1-14 0614AH,2021-05-01,30,31,2372,20591,9308
42-317-41358,8770,10254,EXXON,LENORAH 1-14 0614AH,2021-06-01,31,30,1722,11853,6878
42-317-41358,8770,10254,EXXON,LENORAH 1-14 0614AH,2021-07-01,32,31,2430,16451,9879
42-317-41358,8770,10254,EXXON,LENORAH 1-14 0614AH,2021-08-01,33,31,1180,19254,4884
42-317-41358,8770,10254,EXXON,LENORAH 1-14 0614AH,2021-09-01,34,30,1876,14118,7904
42-317-41358,8770,10254,EXXON,LENORAH 1-14 0614AH,2021-10-01,35,31,2078,11463,8911
42-317-41358,8770,10254,EXXON,LENORAH 1-14 0614AH,2021-11-01,36,30,1844,20758,8049
42-317-41358,8770,10254,EXXON,LENORAH 1-14 0614AH,2021-12-01,37,31,2205,23835,9796
42-317-41358,8770,10254,EXXON,LENORAH 1-14 0614AH,2022-01-01,38,31,1662,24205,7518
42-317-41358,8770,10254,EXXON,LENORAH 1-14 0614AH,2022-02-01,39,28,997,51967,4588
42-317-41358,8770,10254,EXXON,LENORAH 1-14 0614AH,2022-03-01,40,31,706,4929,3305
42-317-41358,8770,10254,EXXON,LENORAH 1-14 0614AH,2022-04-01,41,30,1037,4384,4941
42-317-41358,8770,10254,EXXON,LENORAH 1-14 0614AH,2022-05-01,42,31,76,270,369
42-317-41358,8770,10254,EXXON,LENORAH 1-14 0614AH,2022-06-01,43,30,498,2268,2458
42-317-41358,8770,10254,EXXON,LENORAH 1-14 0614AH,2022-07-01,44,31,789,2687,3964
42-317-41358,8770,10254,EXXON,LENORAH 1-14 0614AH,2022-08-01,45,31,1873,6204,9581
42-317-41358,8770,10254,EXXON,LENORAH 1-14 0614AH,2022-09-01,46,30,740,5905,3853
42-317-41358,8770,10254,EXXON,LENORAH 1-14 0614AH,2022-10-01,47,31,105,3918,556
42-317-41358,8770,10254,EXXON,LENORAH 1-14 0614AH,2022-11-01,48,30,353,2059,1904
42-317-44121,8738,10954,EXXON,DIRE WOLF UNIT 1 0404BH,2022-09-01,1,30,4392,5568,0
42-317-44121,8738,10954,EXXON,DIRE WOLF UNIT 1 0404BH,2022-10-01,2,31,33024,42234,0
42-317-41175,8406,9943,LARIO OIL & GAS COMPANY,HALSEY 6 104WA,2018-05-01,1,31,13074,9501,31165
42-317-41175,8406,9943,LARIO OIL & GAS COMPANY,HALSEY 6 104WA,2018-06-01,2,30,41086,14099,103069
42-317-41175,8406,9943,LARIO OIL & GAS COMPANY,HALSEY 6 104WA,2018-07-01,3,31,36730,31214,89485
42-317-41175,8406,9943,LARIO OIL & GAS COMPANY,HALSEY 6 104WA,2018-08-01,4,31,32028,33002,75744
42-317-41175,8406,9943,LARIO OIL & GAS COMPANY,HALSEY 6 104WA,2018-09-01,5,30,26512,19693,60890
42-317-41175,8406,9943,LARIO OIL & GAS COMPANY,HALSEY 6 104WA,2018-10-01,6,31,23873,32689,53249
42-317-41175,8406,9943,LARIO OIL & GAS COMPANY,HALSEY 6 104WA,2018-11-01,7,30,19263,27741,41727
42-317-41175,8406,9943,LARIO OIL & GAS COMPANY,HALSEY 6 104WA,2018-12-01,8,31,15604,23252,32827
42-317-41175,8406,9943,LARIO OIL & GAS COMPANY,HALSEY 6 104WA,2019-01-01,9,31,13047,20219,26643
42-317-41175,8406,9943,LARIO OIL & GAS COMPANY,HALSEY 6 104WA,2019-02-01,10,28,11236,17457,22304
42-317-41175,8406,9943,LARIO OIL & GAS COMPANY,HALSEY 6 104WA,2019-03-01,11,31,10643,10183,20538
42-317-41175,8406,9943,LARIO OIL & GAS COMPANY,HALSEY 6 104WA,2019-04-01,12,30,2595,1667,4863
42-317-41175,8406,9943,LARIO OIL & GAS COMPANY,HALSEY 6 104WA,2019-05-01,13,31,8775,5017,15971
42-317-41175,8406,9943,LARIO OIL & GAS COMPANY,HALSEY 6 104WA,2019-06-01,14,30,12850,5167,22713
42-317-41175,8406,9943,LARIO OIL & GAS COMPANY,HALSEY 6 104WA,2019-07-01,15,31,15105,5814,0
42-317-41175,8406,9943,LARIO OIL & GAS COMPANY,HALSEY 6 104WA,2019-08-01,16,31,14065,8014,0
42-317-41175,8406,9943,LARIO OIL & GAS COMPANY,HALSEY 6 104WA,2019-09-01,17,30,4759,2452,0
42-317-41175,8406,9943,LARIO OIL & GAS COMPANY,HALSEY 6 104WA,2019-10-01,18,31,12795,5218,0
42-317-41175,8406,9943,LARIO OIL & GAS COMPANY,HALSEY 6 104WA,2019-11-01,19,30,13327,6205,0
42-317-41175,8406,9943,LARIO OIL & GAS COMPANY,HALSEY 6 104WA,2019-12-01,20,31,12786,8160,0
42-317-41175,8406,9943,LARIO OIL & GAS COMPANY,HALSEY 6 104WA,2020-01-01,21,31,10281,5588,0
42-317-41175,8406,9943,LARIO OIL & GAS COMPANY,HALSEY 6 104WA,2020-02-01,22,29,1570,761,0
42-317-41175,8406,9943,LARIO OIL & GAS COMPANY,HALSEY 6 104WA,2020-03-01,23,31,2597,1329,0
42-317-41175,8406,9943,LARIO OIL & GAS COMPANY,HALSEY 6 104WA,2020-04-01,24,30,1379,547,0
42-317-41175,8406,9943,LARIO OIL & GAS COMPANY,HALSEY 6 104WA,2020-05-01,25,0,0,0,0
42-317-41175,8406,9943,LARIO OIL & GAS COMPANY,HALSEY 6 104WA,2020-06-01,26,0,0,0,0
42-317-41175,8406,9943,LARIO OIL & GAS COMPANY,HALSEY 6 104WA,2020-07-01,27,31,3373,1411,0
42-317-41175,8406,9943,LARIO OIL & GAS COMPANY,HALSEY 6 104WA,2020-08-01,28,31,7234,3993,0
42-317-41175,8406,9943,LARIO OIL & GAS COMPANY,HALSEY 6 104WA,2020-09-01,29,30,8179,5470,0
42-317-41175,8406,9943,LARIO OIL & GAS COMPANY,HALSEY 6 104WA,2020-10-01,30,31,8724,5568,0
42-317-41175,8406,9943,LARIO OIL & GAS COMPANY,HALSEY 6 104WA,2020-11-01,31,30,6044,4186,0
42-317-41175,8406,9943,LARIO OIL & GAS COMPANY,HALSEY 6 104WA,2020-12-01,32,31,9059,5421,0
42-317-41175,8406,9943,LARIO OIL & GAS COMPANY,HALSEY 6 104WA,2021-01-01,33,31,5234,4314,0
42-317-41175,8406,9943,LARIO OIL & GAS COMPANY,HALSEY 6 104WA,2021-02-01,34,28,5609,3457,0
42-317-41175,8406,9943,LARIO OIL & GAS COMPANY,HALSEY 6 104WA,2021-03-01,35,31,5453,2973,0
42-317-41175,8406,9943,LARIO OIL & GAS COMPANY,HALSEY 6 104WA,2021-04-01,36,30,5164,3851,0
42-317-41175,8406,9943,LARIO OIL & GAS COMPANY,HALSEY 6 104WA,2021-05-01,37,31,5936,5743,0
42-317-41175,8406,9943,LARIO OIL & GAS COMPANY,HALSEY 6 104WA,2021-06-01,38,30,5736,4631,0
42-317-41175,8406,9943,LARIO OIL & GAS COMPANY,HALSEY 6 104WA,2021-07-01,39,31,5815,4762,0
42-317-41175,8406,9943,LARIO OIL & GAS COMPANY,HALSEY 6 104WA,2021-08-01,40,31,5971,5962,0
42-317-41175,8406,9943,LARIO OIL & GAS COMPANY,HALSEY 6 104WA,2021-09-01,41,30,4916,3457,0
42-317-41175,8406,9943,LARIO OIL & GAS COMPANY,HALSEY 6 104WA,2021-10-01,42,31,5105,4729,0
42-317-41175,8406,9943,LARIO OIL & GAS COMPANY,HALSEY 6 104WA,2021-11-01,43,30,5286,4204,0
42-317-41175,8406,9943,LARIO OIL & GAS COMPANY,HALSEY 6 104WA,2021-12-01,44,31,2641,717,0
42-317-41175,8406,9943,LARIO OIL & GAS COMPANY,HALSEY 6 104WA,2022-01-01,45,31,6994,3887,0
42-317-41175,8406,9943,LARIO OIL & GAS COMPANY,HALSEY 6 104WA,2022-02-01,46,28,5111,5569,0
42-317-41175,8406,9943,LARIO OIL & GAS COMPANY,HALSEY 6 104WA,2022-03-01,47,31,1726,3413,0
42-317-41175,8406,9943,LARIO OIL & GAS COMPANY,HALSEY 6 104WA,2022-04-01,48,0,0,0,0
42-317-41175,8406,9943,LARIO OIL & GAS COMPANY,HALSEY 6 104WA,2022-05-01,49,0,0,0,0
42-317-41175,8406,9943,LARIO OIL & GAS COMPANY,HALSEY 6 104WA,2022-06-01,50,30,0,1940,0
42-317-41175,8406,9943,LARIO OIL & GAS COMPANY,HALSEY 6 104WA,2022-07-01,51,31,1550,511,0
42-317-41175,8406,9943,LARIO OIL & GAS COMPANY,HALSEY 6 104WA,2022-08-01,52,31,4144,1854,0
42-317-41175,8406,9943,LARIO OIL & GAS COMPANY,HALSEY 6 104WA,2022-09-01,53,30,4797,1296,0
42-317-43608,8732,10431,EXXON,STRAIN 19 UNIT 1 1912AH,2022-07-01,1,31,2366,3418,3184
42-317-43608,8732,10431,EXXON,STRAIN 19 UNIT 1 1912AH,2022-08-01,2,31,12273,16094,16539
42-317-43608,8732,10431,EXXON,STRAIN 19 UNIT 1 1912AH,2022-09-01,3,30,13116,17153,17724
42-317-43608,8732,10431,EXXON,STRAIN 19 UNIT 1 1912AH,2022-10-01,4,31,11573,17422,15682
42-317-43608,8732,10431,EXXON,STRAIN 19 UNIT 1 1912AH,2022-11-01,5,30,9660,18309,13125
42-317-42234,8679,10264,CHEVRON,VLT SAUER STUTZEN UNIT 0062WA,2020-05-01,1,31,6152,5373,12560
42-317-42234,8679,10264,CHEVRON,VLT SAUER STUTZEN UNIT 0062WA,2020-06-01,2,30,6678,5090,13671
42-317-42234,8679,10264,CHEVRON,VLT SAUER STUTZEN UNIT 0062WA,2020-07-01,3,31,39712,36052,80508
42-317-42234,8679,10264,CHEVRON,VLT SAUER STUTZEN UNIT 0062WA,2020-08-01,4,31,31408,27935,63045
42-317-42234,8679,10264,CHEVRON,VLT SAUER STUTZEN UNIT 0062WA,2020-09-01,5,30,32752,29695,65104
42-317-42234,8679,10264,CHEVRON,VLT SAUER STUTZEN UNIT 0062WA,2020-10-01,6,31,28465,30930,56033
42-317-42234,8679,10264,CHEVRON,VLT SAUER STUTZEN UNIT 0062WA,2020-11-01,7,30,29562,25147,57628
42-317-42234,8679,10264,CHEVRON,VLT SAUER STUTZEN UNIT 0062WA,2020-12-01,8,31,27381,26241,52858
42-317-42234,8679,10264,CHEVRON,VLT SAUER STUTZEN UNIT 0062WA,2021-01-01,9,31,15767,19741,30137
42-317-42234,8679,10264,CHEVRON,VLT SAUER STUTZEN UNIT 0062WA,2021-02-01,10,0,0,0,0
42-317-42234,8679,10264,CHEVRON,VLT SAUER STUTZEN UNIT 0062WA,2021-03-01,11,31,13439,10498,25207
42-317-42234,8679,10264,CHEVRON,VLT SAUER STUTZEN UNIT 0062WA,2021-04-01,12,30,13585,13699,25234
42-317-42234,8679,10264,CHEVRON,VLT SAUER STUTZEN UNIT 0062WA,2021-05-01,13,31,13436,15038,24715
42-317-42234,8679,10264,CHEVRON,VLT SAUER STUTZEN UNIT 0062WA,2021-06-01,14,30,10577,12705,19267
42-317-42234,8679,10264,CHEVRON,VLT SAUER STUTZEN UNIT 0062WA,2021-07-01,15,31,10693,12407,19289
42-317-42234,8679,10264,CHEVRON,VLT SAUER STUTZEN UNIT 0062WA,2021-08-01,16,31,11150,10424,19915
42-317-42234,8679,10264,CHEVRON,VLT SAUER STUTZEN UNIT 0062WA,2021-09-01,17,30,5428,4996,9601
42-317-42234,8679,10264,CHEVRON,VLT SAUER STUTZEN UNIT 0062WA,2021-10-01,18,31,16939,20170,29670
42-317-42234,8679,10264,CHEVRON,VLT SAUER STUTZEN UNIT 0062WA,2021-11-01,19,30,11350,15981,19687
42-317-42234,8679,10264,CHEVRON,VLT SAUER STUTZEN UNIT 0062WA,2021-12-01,20,31,10688,15284,18359
42-317-42234,8679,10264,CHEVRON,VLT SAUER STUTZEN UNIT 0062WA,2022-01-01,21,31,9967,14430,16952
42-317-42234,8679,10264,CHEVRON,VLT SAUER STUTZEN UNIT 0062WA,2022-02-01,22,28,8630,13231,14540
42-317-42234,8679,10264,CHEVRON,VLT SAUER STUTZEN UNIT 0062WA,2022-03-01,23,31,8408,13992,14033
42-317-42234,8679,10264,CHEVRON,VLT SAUER STUTZEN UNIT 0062WA,2022-04-01,24,30,11135,19767,18404
42-317-42234,8679,10264,CHEVRON,VLT SAUER STUTZEN UNIT 0062WA,2022-05-01,25,31,9264,17176,15163
42-317-42234,8679,10264,CHEVRON,VLT SAUER STUTZEN UNIT 0062WA,2022-06-01,26,30,5716,9831,9265
42-317-42234,8679,10264,CHEVRON,VLT SAUER STUTZEN UNIT 0062WA,2022-07-01,27,31,4290,5530,6886
42-317-42234,8679,10264,CHEVRON,VLT SAUER STUTZEN UNIT 0062WA,2022-08-01,28,31,6552,10805,10413
42-317-42234,8679,10264,CHEVRON,VLT SAUER STUTZEN UNIT 0062WA,2022-09-01,29,30,6374,7299,10032
42-317-42234,8679,10264,CHEVRON,VLT SAUER STUTZEN UNIT 0062WA,2022-10-01,30,31,807,0,1258
42-317-41634,8680,10032,"VENCER ENERGY, LLC",TEXACO 41-MCMURRY B 20 102HB,2019-03-01,1,31,12434,10220,19752
42-317-41634,8680,10032,"VENCER ENERGY, LLC",TEXACO 41-MCMURRY B 20 102HB,2019-04-01,2,30,20415,15372,32413
42-317-41634,8680,10032,"VENCER ENERGY, LLC",TEXACO 41-MCMURRY B 20 102HB,2019-05-01,3,31,15348,17807,24328
42-317-41634,8680,10032,"VENCER ENERGY, LLC",TEXACO 41-MCMURRY B 20 102HB,2019-06-01,4,30,7433,17969,11763
42-317-41634,8680,10032,"VENCER ENERGY, LLC",TEXACO 41-MCMURRY B 20 102HB,2019-07-01,5,31,15490,21341,24473
42-317-41634,8680,10032,"VENCER ENERGY, LLC",TEXACO 41-MCMURRY B 20 102HB,2019-08-01,6,31,13161,25757,20759
42-317-41634,8680,10032,"VENCER ENERGY, LLC",TEXACO 41-MCMURRY B 20 102HB,2019-09-01,7,30,11174,26469,17595
42-317-41634,8680,10032,"VENCER ENERGY, LLC",TEXACO 41-MCMURRY B 20 102HB,2019-10-01,8,31,9358,19752,14712
42-317-41634,8680,10032,"VENCER ENERGY, LLC",TEXACO 41-MCMURRY B 20 102HB,2019-11-01,9,30,7502,19358,11775
42-317-41634,8680,10032,"VENCER ENERGY, LLC",TEXACO 41-MCMURRY B 20 102HB,2019-12-01,10,31,6012,19545,9420
42-317-41634,8680,10032,"VENCER ENERGY, LLC",TEXACO 41-MCMURRY B 20 102HB,2020-01-01,11,31,6464,18607,10112
42-317-41634,8680,10032,"VENCER ENERGY, LLC",TEXACO 41-MCMURRY B 20 102HB,2020-02-01,12,29,4741,14724,7404
42-317-41634,8680,10032,"VENCER ENERGY, LLC",TEXACO 41-MCMURRY B 20 102HB,2020-03-01,13,31,5735,23113,8943
42-317-41634,8680,10032,"VENCER ENERGY, LLC",TEXACO 41-MCMURRY B 20 102HB,2020-04-01,14,30,4508,11546,7018
42-317-41634,8680,10032,"VENCER ENERGY, LLC",TEXACO 41-MCMURRY B 20 102HB,2020-05-01,15,31,3851,10846,5985
42-317-41634,8680,10032,"VENCER ENERGY, LLC",TEXACO 41-MCMURRY B 20 102HB,2020-06-01,16,30,5042,14639,7825
42-317-41634,8680,10032,"VENCER ENERGY, LLC",TEXACO 41-MCMURRY B 20 102HB,2020-07-01,17,31,4932,16759,7641
42-317-41634,8680,10032,"VENCER ENERGY, LLC",TEXACO 41-MCMURRY B 20 102HB,2020-08-01,18,31,4089,16223,6324
42-317-41634,8680,10032,"VENCER ENERGY, LLC",TEXACO 41-MCMURRY B 20 102HB,2020-09-01,19,30,3413,14647,5271
42-317-41634,8680,10032,"VENCER ENERGY, LLC",TEXACO 41-MCMURRY B 20 102HB,2020-10-01,20,31,3556,15277,5482
42-317-41634,8680,10032,"VENCER ENERGY, LLC",TEXACO 41-MCMURRY B 20 102HB,2020-11-01,21,30,2637,12888,4058
42-317-41634,8680,10032,"VENCER ENERGY, LLC",TEXACO 41-MCMURRY B 20 102HB,2020-12-01,22,31,2999,7331,4608
42-317-41634,8680,10032,"VENCER ENERGY, LLC",TEXACO 41-MCMURRY B 20 102HB,2021-01-01,23,31,2986,7932,4581
42-317-41634,8680,10032,"VENCER ENERGY, LLC",TEXACO 41-MCMURRY B 20 102HB,2021-02-01,24,28,1889,5481,2893
42-317-41634,8680,10032,"VENCER ENERGY, LLC",TEXACO 41-MCMURRY B 20 102HB,2021-03-01,25,31,2960,12145,4526
42-317-41634,8680,10032,"VENCER ENERGY, LLC",TEXACO 41-MCMURRY B 20 102HB,2021-04-01,26,30,3407,14847,5201
42-317-41634,8680,10032,"VENCER ENERGY, LLC",TEXACO 41-MCMURRY B 20 102HB,2021-05-01,27,31,2136,14931,3256
42-317-41634,8680,10032,"VENCER ENERGY, LLC",TEXACO 41-MCMURRY B 20 102HB,2021-06-01,28,30,1996,14763,3037
42-317-41634,8680,10032,"VENCER ENERGY, LLC",TEXACO 41-MCMURRY B 20 102HB,2021-07-01,29,31,1994,15940,3030
42-317-41634,8680,10032,"VENCER ENERGY, LLC",TEXACO 41-MCMURRY B 20 102HB,2021-08-01,30,31,1946,16370,2951
42-317-41634,8680,10032,"VENCER ENERGY, LLC",TEXACO 41-MCMURRY B 20 102HB,2021-09-01,31,30,1662,24405,2517
42-317-41634,8680,10032,"VENCER ENERGY, LLC",TEXACO 41-MCMURRY B 20 102HB,2021-10-01,32,31,1577,24889,2384
42-317-41634,8680,10032,"VENCER ENERGY, LLC",TEXACO 41-MCMURRY B 20 102HB,2021-11-01,33,30,1116,22317,1685
42-317-41634,8680,10032,"VENCER ENERGY, LLC",TEXACO 41-MCMURRY B 20 102HB,2021-12-01,34,31,1039,22572,1566
42-317-41634,8680,10032,"VENCER ENERGY, LLC",TEXACO 41-MCMURRY B 20 102HB,2022-01-01,35,31,985,23027,1482
42-317-41634,8680,10032,"VENCER ENERGY, LLC",TEXACO 41-MCMURRY B 20 102HB,2022-02-01,36,28,737,21175,1107
42-317-41634,8680,10032,"VENCER ENERGY, LLC",TEXACO 41-MCMURRY B 20 102HB,2022-03-01,37,31,1311,27666,1966
42-317-41634,8680,10032,"VENCER ENERGY, LLC",TEXACO 41-MCMURRY B 20 102HB,2022-04-01,38,30,1065,22299,1594
42-317-41634,8680,10032,"VENCER ENERGY, LLC",TEXACO 41-MCMURRY B 20 102HB,2022-05-01,39,31,5,147,7
42-317-41634,8680,10032,"VENCER ENERGY, LLC",TEXACO 41-MCMURRY B 20 102HB,2022-06-01,40,30,200,7208,299
42-317-41634,8680,10032,"VENCER ENERGY, LLC",TEXACO 41-MCMURRY B 20 102HB,2022-07-01,41,31,693,12690,1032
42-317-41634,8680,10032,"VENCER ENERGY, LLC",TEXACO 41-MCMURRY B 20 102HB,2022-08-01,42,31,208,3141,309
42-317-41634,8680,10032,"VENCER ENERGY, LLC",TEXACO 41-MCMURRY B 20 102HB,2022-09-01,43,30,297,2920,441
42-317-41634,8680,10032,"VENCER ENERGY, LLC",TEXACO 41-MCMURRY B 20 102HB,2022-10-01,44,31,254,3831,376
42-317-41634,8680,10032,"VENCER ENERGY, LLC",TEXACO 41-MCMURRY B 20 102HB,2022-11-01,45,30,366,2344,541
42-317-41978,8472,9943,LARIO OIL & GAS COMPANY,DOOLITTLE 6 102,2019-04-01,1,30,6674,3252,720
42-317-41978,8472,9943,LARIO OIL & GAS COMPANY,DOOLITTLE 6 102,2019-05-01,2,31,33145,18344,102935
42-317-41978,8472,9943,LARIO OIL & GAS COMPANY,DOOLITTLE 6 102,2019-06-01,3,30,27987,20152,83219
42-317-41978,8472,9943,LARIO OIL & GAS COMPANY,DOOLITTLE 6 102,2019-07-01,4,31,23104,14810,65779
42-317-41978,8472,9943,LARIO OIL & GAS COMPANY,DOOLITTLE 6 102,2019-08-01,5,31,21386,14395,58258
42-317-41978,8472,9943,LARIO OIL & GAS COMPANY,DOOLITTLE 6 102,2019-09-01,6,30,19520,12579,50913
42-317-41978,8472,9943,LARIO OIL & GAS COMPANY,DOOLITTLE 6 102,2019-10-01,7,31,16435,11291,41044
42-317-41978,8472,9943,LARIO OIL & GAS COMPANY,DOOLITTLE 6 102,2019-11-01,8,30,14226,9157,34017
42-317-41978,8472,9943,LARIO OIL & GAS COMPANY,DOOLITTLE 6 102,2019-12-01,9,31,13979,10756,32005
42-317-41978,8472,9943,LARIO OIL & GAS COMPANY,DOOLITTLE 6 102,2020-01-01,10,31,7203,9364,15779
42-317-41978,8472,9943,LARIO OIL & GAS COMPANY,DOOLITTLE 6 102,2020-02-01,11,29,13065,10332,27422
42-317-41978,8472,9943,LARIO OIL & GAS COMPANY,DOOLITTLE 6 102,2020-03-01,12,31,2692,1301,5414
42-317-41978,8472,9943,LARIO OIL & GAS COMPANY,DOOLITTLE 6 102,2020-04-01,13,30,6677,2704,12857
42-317-41978,8472,9943,LARIO OIL & GAS COMPANY,DOOLITTLE 6 102,2020-05-01,14,31,13094,4367,0
42-317-41978,8472,9943,LARIO OIL & GAS COMPANY,DOOLITTLE 6 102,2020-06-01,15,30,7210,6311,0
42-317-41978,8472,9943,LARIO OIL & GAS COMPANY,DOOLITTLE 6 102,2020-07-01,16,31,8932,6025,0
42-317-41978,8472,9943,LARIO OIL & GAS COMPANY,DOOLITTLE 6 102,2020-08-01,17,31,10908,9009,0
42-317-41978,8472,9943,LARIO OIL & GAS COMPANY,DOOLITTLE 6 102,2020-09-01,18,30,7365,4992,0
42-317-41978,8472,9943,LARIO OIL & GAS COMPANY,DOOLITTLE 6 102,2020-10-01,19,31,6921,4270,0
42-317-41978,8472,9943,LARIO OIL & GAS COMPANY,DOOLITTLE 6 102,2020-11-01,20,30,7334,6135,0
42-317-41978,8472,9943,LARIO OIL & GAS COMPANY,DOOLITTLE 6 102,2020-12-01,21,31,7968,7337,0
42-317-41978,8472,9943,LARIO OIL & GAS COMPANY,DOOLITTLE 6 102,2021-01-01,22,31,6101,3974,0
42-317-41978,8472,9943,LARIO OIL & GAS COMPANY,DOOLITTLE 6 102,2021-02-01,23,28,636,262,0
42-317-41978,8472,9943,LARIO OIL & GAS COMPANY,DOOLITTLE 6 102,2021-03-01,24,31,10941,7978,0
42-317-41978,8472,9943,LARIO OIL & GAS COMPANY,DOOLITTLE 6 102,2021-04-01,25,30,9492,10413,0
42-317-41978,8472,9943,LARIO OIL & GAS COMPANY,DOOLITTLE 6 102,2021-05-01,26,31,10980,15514,0
42-317-41978,8472,9943,LARIO OIL & GAS COMPANY,DOOLITTLE 6 102,2021-06-01,27,30,8353,11142,0
42-317-41978,8472,9943,LARIO OIL & GAS COMPANY,DOOLITTLE 6 102,2021-07-01,28,31,6297,10475,0
42-317-41978,8472,9943,LARIO OIL & GAS COMPANY,DOOLITTLE 6 102,2021-08-01,29,31,7871,12846,0
42-317-41978,8472,9943,LARIO OIL & GAS COMPANY,DOOLITTLE 6 102,2021-09-01,30,30,8558,12838,0
42-317-41978,8472,9943,LARIO OIL & GAS COMPANY,DOOLITTLE 6 102,2021-10-01,31,31,7124,8064,0
42-317-41978,8472,9943,LARIO OIL & GAS COMPANY,DOOLITTLE 6 102,2021-11-01,32,30,4096,13036,0
42-317-41978,8472,9943,LARIO OIL & GAS COMPANY,DOOLITTLE 6 102,2021-12-01,33,31,7413,8926,0
42-317-41978,8472,9943,LARIO OIL & GAS COMPANY,DOOLITTLE 6 102,2022-01-01,34,31,7315,5804,0
42-317-41978,8472,9943,LARIO OIL & GAS COMPANY,DOOLITTLE 6 102,2022-02-01,35,28,5103,5521,0
42-317-41978,8472,9943,LARIO OIL & GAS COMPANY,DOOLITTLE 6 102,2022-03-01,36,31,8697,10513,0
42-317-41978,8472,9943,LARIO OIL & GAS COMPANY,DOOLITTLE 6 102,2022-04-01,37,30,7864,10838,0
42-317-41978,8472,9943,LARIO OIL & GAS COMPANY,DOOLITTLE 6 102,2022-05-01,38,31,7238,9692,0
42-317-41978,8472,9943,LARIO OIL & GAS COMPANY,DOOLITTLE 6 102,2022-06-01,39,30,6237,5872,0
42-317-41978,8472,9943,LARIO OIL & GAS COMPANY,DOOLITTLE 6 102,2022-07-01,40,31,4152,4792,0
42-317-41978,8472,9943,LARIO OIL & GAS COMPANY,DOOLITTLE 6 102,2022-08-01,41,31,8206,901,0
42-317-41978,8472,9943,LARIO OIL & GAS COMPANY,DOOLITTLE 6 102,2022-09-01,42,30,6130,6503,0
42-317-43587,8715,10426,EXXON,STRAIN 19 UNIT 2 1935 1915AH,2022-06-01,1,30,1300,1848,1726
42-317-43587,8715,10426,EXXON,STRAIN 19 UNIT 2 1935 1915AH,2022-07-01,2,31,25576,33412,33988
42-317-43587,8715,10426,EXXON,STRAIN 19 UNIT 2 1935 1915AH,2022-08-01,3,31,30631,29565,40795
42-317-43587,8715,10426,EXXON,STRAIN 19 UNIT 2 1935 1915AH,2022-09-01,4,30,37890,50269,50572
42-317-43587,8715,10426,EXXON,STRAIN 19 UNIT 2 1935 1915AH,2022-10-01,5,31,31685,56313,42381
42-317-43587,8715,10426,EXXON,STRAIN 19 UNIT 2 1935 1915AH,2022-11-01,6,30,25934,47412,34764
42-317-41636,8512,10032,"VENCER ENERGY, LLC",TEXACO 41-MCMURRY B 30 103HA,2019-03-01,1,31,16135,9386,15332
42-317-41636,8512,10032,"VENCER ENERGY, LLC",TEXACO 41-MCMURRY B 30 103HA,2019-04-01,2,30,31066,27926,29497
42-317-41636,8512,10032,"VENCER ENERGY, LLC",TEXACO 41-MCMURRY B 30 103HA,2019-05-01,3,31,31518,34493,29850
42-317-41636,8512,10032,"VENCER ENERGY, LLC",TEXACO 41-MCMURRY B 30 103HA,2019-06-01,4,30,27390,28102,25874
42-317-41636,8512,10032,"VENCER ENERGY, LLC",TEXACO 41-MCMURRY B 30 103HA,2019-07-01,5,31,19378,27860,18259
42-317-41636,8512,10032,"VENCER ENERGY, LLC",TEXACO 41-MCMURRY B 30 103HA,2019-08-01,6,31,14507,23193,13634
42-317-41636,8512,10032,"VENCER ENERGY, LLC",TEXACO 41-MCMURRY B 30 103HA,2019-09-01,7,30,11806,18871,11066
42-317-41636,8512,10032,"VENCER ENERGY, LLC",TEXACO 41-MCMURRY B 30 103HA,2019-10-01,8,31,11466,21937,10720
42-317-41636,8512,10032,"VENCER ENERGY, LLC",TEXACO 41-MCMURRY B 30 103HA,2019-11-01,9,30,9471,21568,8832
42-317-41636,8512,10032,"VENCER ENERGY, LLC",TEXACO 41-MCMURRY B 30 103HA,2019-12-01,10,31,7674,22593,7138
42-317-41636,8512,10032,"VENCER ENERGY, LLC",TEXACO 41-MCMURRY B 30 103HA,2020-01-01,11,31,5841,10764,5419
42-317-41636,8512,10032,"VENCER ENERGY, LLC",TEXACO 41-MCMURRY B 30 103HA,2020-02-01,12,29,9064,16660,8388
42-317-41636,8512,10032,"VENCER ENERGY, LLC",TEXACO 41-MCMURRY B 30 103HA,2020-03-01,13,31,7951,19645,7340
42-317-41636,8512,10032,"VENCER ENERGY, LLC",TEXACO 41-MCMURRY B 30 103HA,2020-04-01,14,30,6892,12322,6346
42-317-41636,8512,10032,"VENCER ENERGY, LLC",TEXACO 41-MCMURRY B 30 103HA,2020-05-01,15,31,6861,12669,6301
42-317-41636,8512,10032,"VENCER ENERGY, LLC",TEXACO 41-MCMURRY B 30 103HA,2020-06-01,16,30,5284,11201,4841
42-317-41636,8512,10032,"VENCER ENERGY, LLC",TEXACO 41-MCMURRY B 30 103HA,2020-07-01,17,31,6180,12421,5646
42-317-41636,8512,10032,"VENCER ENERGY, LLC",TEXACO 41-MCMURRY B 30 103HA,2020-08-01,18,31,5300,11646,4830
42-317-41636,8512,10032,"VENCER ENERGY, LLC",TEXACO 41-MCMURRY B 30 103HA,2020-09-01,19,30,4751,10479,4319
42-317-41636,8512,10032,"VENCER ENERGY, LLC",TEXACO 41-MCMURRY B 30 103HA,2020-10-01,20,31,5090,10776,4615
42-317-41636,8512,10032,"VENCER ENERGY, LLC",TEXACO 41-MCMURRY B 30 103HA,2020-11-01,21,30,3355,8226,3034
42-317-41636,8512,10032,"VENCER ENERGY, LLC",TEXACO 41-MCMURRY B 30 103HA,2020-12-01,22,31,3725,4525,3360
42-317-41636,8512,10032,"VENCER ENERGY, LLC",TEXACO 41-MCMURRY B 30 103HA,2021-01-01,23,31,5430,6886,4885
42-317-41636,8512,10032,"VENCER ENERGY, LLC",TEXACO 41-MCMURRY B 30 103HA,2021-02-01,24,28,3029,4327,2718
42-317-41636,8512,10032,"VENCER ENERGY, LLC",TEXACO 41-MCMURRY B 30 103HA,2021-03-01,25,31,3330,5887,2981
42-317-41636,8512,10032,"VENCER ENERGY, LLC",TEXACO 41-MCMURRY B 30 103HA,2021-04-01,26,30,3556,6735,3175
42-317-41636,8512,10032,"VENCER ENERGY, LLC",TEXACO 41-MCMURRY B 30 103HA,2021-05-01,27,31,4270,8151,3803
42-317-41636,8512,10032,"VENCER ENERGY, LLC",TEXACO 41-MCMURRY B 30 103HA,2021-06-01,28,30,3453,7584,3067
42-317-41636,8512,10032,"VENCER ENERGY, LLC",TEXACO 41-MCMURRY B 30 103HA,2021-07-01,29,31,3581,9228,3173
42-317-41636,8512,10032,"VENCER ENERGY, LLC",TEXACO 41-MCMURRY B 30 103HA,2021-08-01,30,31,3466,10149,3063
42-317-41636,8512,10032,"VENCER ENERGY, LLC",TEXACO 41-MCMURRY B 30 103HA,2021-09-01,31,30,3378,13226,2978
42-317-41636,8512,10032,"VENCER ENERGY, LLC",TEXACO 41-MCMURRY B 30 103HA,2021-10-01,32,31,2816,12196,2476
42-317-41636,8512,10032,"VENCER ENERGY, LLC",TEXACO 41-MCMURRY B 30 103HA,2021-11-01,33,30,2295,9640,2013
42-317-41636,8512,10032,"VENCER ENERGY, LLC",TEXACO 41-MCMURRY B 30 103HA,2021-12-01,34,31,2568,10957,2247
42-317-41636,8512,10032,"VENCER ENERGY, LLC",TEXACO 41-MCMURRY B 30 103HA,2022-01-01,35,31,3027,9165,2641
42-317-41636,8512,10032,"VENCER ENERGY, LLC",TEXACO 41-MCMURRY B 30 103HA,2022-02-01,36,28,2494,8029,2171
42-317-41636,8512,10032,"VENCER ENERGY, LLC",TEXACO 41-MCMURRY B 30 103HA,2022-03-01,37,31,2482,11297,2155
42-317-41636,8512,10032,"VENCER ENERGY, LLC",TEXACO 41-MCMURRY B 30 103HA,2022-04-01,38,30,2013,9596,1743
42-317-41636,8512,10032,"VENCER ENERGY, LLC",TEXACO 41-MCMURRY B 30 103HA,2022-05-01,39,0,0,0,0
42-317-41636,8512,10032,"VENCER ENERGY, LLC",TEXACO 41-MCMURRY B 30 103HA,2022-06-01,40,30,319,2694,275
42-317-41636,8512,10032,"VENCER ENERGY, LLC",TEXACO 41-MCMURRY B 30 103HA,2022-07-01,41,31,801,874,688
42-317-41636,8512,10032,"VENCER ENERGY, LLC",TEXACO 41-MCMURRY B 30 103HA,2022-08-01,42,31,604,585,518
42-317-41636,8512,10032,"VENCER ENERGY, LLC",TEXACO 41-MCMURRY B 30 103HA,2022-09-01,43,30,1004,544,858
42-317-41636,8512,10032,"VENCER ENERGY, LLC",TEXACO 41-MCMURRY B 30 103HA,2022-10-01,44,31,1461,1258,1246
42-317-41636,8512,10032,"VENCER ENERGY, LLC",TEXACO 41-MCMURRY B 30 103HA,2022-11-01,45,30,1428,1978,1215
42-317-42462,8533,10363,EXXON,DARK STAR UNIT 1 2113AH,2021-05-01,1,31,20841,25075,39430
42-317-42462,8533,10363,EXXON,DARK STAR UNIT 1 2113AH,2021-06-01,2,30,26211,31192,49614
42-317-42462,8533,10363,EXXON,DARK STAR UNIT 1 2113AH,2021-07-01,3,31,26463,37846,50123
42-317-42462,8533,10363,EXXON,DARK STAR UNIT 1 2113AH,2021-08-01,4,31,17597,35698,33351
42-317-42462,8533,10363,EXXON,DARK STAR UNIT 1 2113AH,2021-09-01,5,30,14099,41856,26739
42-317-42462,8533,10363,EXXON,DARK STAR UNIT 1 2113AH,2021-10-01,6,31,11960,45223,22696
42-317-42462,8533,10363,EXXON,DARK STAR UNIT 1 2113AH,2021-11-01,7,30,9582,42372,18196
42-317-42462,8533,10363,EXXON,DARK STAR UNIT 1 2113AH,2021-12-01,8,31,9164,45003,17412
42-317-42462,8533,10363,EXXON,DARK STAR UNIT 1 2113AH,2022-01-01,9,31,6649,35080,12642
42-317-42462,8533,10363,EXXON,DARK STAR UNIT 1 2113AH,2022-02-01,10,28,5278,26791,10042
42-317-42462,8533,10363,EXXON,DARK STAR UNIT 1 2113AH,2022-03-01,11,31,5480,32462,10433
42-317-42462,8533,10363,EXXON,DARK STAR UNIT 1 2113AH,2022-04-01,12,30,3870,27259,7371
42-317-42462,8533,10363,EXXON,DARK STAR UNIT 1 2113AH,2022-05-01,13,31,4011,28850,7645
42-317-42462,8533,10363,EXXON,DARK STAR UNIT 1 2113AH,2022-06-01,14,30,3626,27299,6915
42-317-42462,8533,10363,EXXON,DARK STAR UNIT 1 2113AH,2022-07-01,15,31,3971,31492,7578
42-317-42462,8533,10363,EXXON,DARK STAR UNIT 1 2113AH,2022-08-01,16,31,3076,24835,5873
42-317-42462,8533,10363,EXXON,DARK STAR UNIT 1 2113AH,2022-09-01,17,30,3538,27953,6760
42-317-42462,8533,10363,EXXON,DARK STAR UNIT 1 2113AH,2022-10-01,18,31,3391,27965,6484
42-317-42462,8533,10363,EXXON,DARK STAR UNIT 1 2113AH,2022-11-01,19,30,2862,28682,5475
42-317-41830,8615,10354,EXXON,STRAIN 20 UNIT 1 & 2 2015AH,2019-09-01,1,30,8659,8024,0
42-317-41830,8615,10354,EXXON,STRAIN 20 UNIT 1 & 2 2015AH,2019-10-01,2,31,27611,27701,38509
42-317-41830,8615,10354,EXXON,STRAIN 20 UNIT 1 & 2 2015AH,2019-11-01,3,30,26265,25632,33061
42-317-41830,8615,10354,EXXON,STRAIN 20 UNIT 1 & 2 2015AH,2019-12-01,4,31,24414,27688,31171
42-317-41830,8615,10354,EXXON,STRAIN 20 UNIT 1 & 2 2015AH,2020-01-01,5,31,20735,30996,26860
42-317-41830,8615,10354,EXXON,STRAIN 20 UNIT 1 & 2 2015AH,2020-02-01,6,29,16677,31308,21909
42-317-41830,8615,10354,EXXON,STRAIN 20 UNIT 1 & 2 2015AH,2020-03-01,7,31,15467,37189,20605
42-317-41830,8615,10354,EXXON,STRAIN 20 UNIT 1 & 2 2015AH,2020-04-01,8,30,12802,35070,17300
42-317-41830,8615,10354,EXXON,STRAIN 20 UNIT 1 & 2 2015AH,2020-05-01,9,31,11538,38286,15815
42-317-41830,8615,10354,EXXON,STRAIN 20 UNIT 1 & 2 2015AH,2020-06-01,10,30,10172,32233,14143
42-317-41830,8615,10354,EXXON,STRAIN 20 UNIT 1 & 2 2015AH,2020-07-01,11,31,10245,31578,14449
42-317-41830,8615,10354,EXXON,STRAIN 20 UNIT 1 & 2 2015AH,2020-08-01,12,31,8663,32100,12396
42-317-41830,8615,10354,EXXON,STRAIN 20 UNIT 1 & 2 2015AH,2020-09-01,13,30,7407,27746,10751
42-317-41830,8615,10354,EXXON,STRAIN 20 UNIT 1 & 2 2015AH,2020-10-01,14,31,6202,32285,9131
42-317-41830,8615,10354,EXXON,STRAIN 20 UNIT 1 & 2 2015AH,2020-11-01,15,30,5956,32611,8894
42-317-41830,8615,10354,EXXON,STRAIN 20 UNIT 1 & 2 2015AH,2020-12-01,16,31,5578,30705,8449
42-317-41830,8615,10354,EXXON,STRAIN 20 UNIT 1 & 2 2015AH,2021-01-01,17,31,5013,34640,7704
42-317-41830,8615,10354,EXXON,STRAIN 20 UNIT 1 & 2 2015AH,2021-02-01,18,28,3080,20004,4799
42-317-41830,8615,10354,EXXON,STRAIN 20 UNIT 1 & 2 2015AH,2021-03-01,19,31,3734,20330,5899
42-317-41830,8615,10354,EXXON,STRAIN 20 UNIT 1 & 2 2015AH,2021-04-01,20,30,2995,14765,4799
42-317-41830,8615,10354,EXXON,STRAIN 20 UNIT 1 & 2 2015AH,2021-05-01,21,31,2903,10439,4719
42-317-41830,8615,10354,EXXON,STRAIN 20 UNIT 1 & 2 2015AH,2021-06-01,22,30,3059,12306,5044
42-317-41830,8615,10354,EXXON,STRAIN 20 UNIT 1 & 2 2015AH,2021-07-01,23,31,3351,13896,5604
42-317-41830,8615,10354,EXXON,STRAIN 20 UNIT 1 & 2 2015AH,2021-08-01,24,31,1448,14033,2457
42-317-41830,8615,10354,EXXON,STRAIN 20 UNIT 1 & 2 2015AH,2021-09-01,25,30,3146,24076,5415
42-317-41830,8615,10354,EXXON,STRAIN 20 UNIT 1 & 2 2015AH,2021-10-01,26,31,4194,12420,7322
42-317-41830,8615,10354,EXXON,STRAIN 20 UNIT 1 & 2 2015AH,2021-11-01,27,30,3601,25209,6377
42-317-41830,8615,10354,EXXON,STRAIN 20 UNIT 1 & 2 2015AH,2021-12-01,28,31,3243,29856,5825
42-317-41830,8615,10354,EXXON,STRAIN 20 UNIT 1 & 2 2015AH,2022-01-01,29,31,3197,31168,5826
42-317-41830,8615,10354,EXXON,STRAIN 20 UNIT 1 & 2 2015AH,2022-02-01,30,28,1762,56601,3256
42-317-41830,8615,10354,EXXON,STRAIN 20 UNIT 1 & 2 2015AH,2022-03-01,31,31,1236,12487,2316
42-317-41830,8615,10354,EXXON,STRAIN 20 UNIT 1 & 2 2015AH,2022-04-01,32,30,2859,64263,5433
42-317-41830,8615,10354,EXXON,STRAIN 20 UNIT 1 & 2 2015AH,2022-05-01,33,31,2161,45120,4165
42-317-41830,8615,10354,EXXON,STRAIN 20 UNIT 1 & 2 2015AH,2022-06-01,34,30,1949,38780,3811
42-317-41830,8615,10354,EXXON,STRAIN 20 UNIT 1 & 2 2015AH,2022-07-01,35,31,4843,18720,9605
42-317-41830,8615,10354,EXXON,STRAIN 20 UNIT 1 & 2 2015AH,2022-08-01,36,31,1822,20645,3666
42-317-41830,8615,10354,EXXON,STRAIN 20 UNIT 1 & 2 2015AH,2022-09-01,37,30,2267,32246,4627
42-317-41830,8615,10354,EXXON,STRAIN 20 UNIT 1 & 2 2015AH,2022-10-01,38,31,2265,14193,4689
42-317-41830,8615,10354,EXXON,STRAIN 20 UNIT 1 & 2 2015AH,2022-11-01,39,30,2102,23744,4414
42-317-42482,8488,10356,EXXON,DARK STAR UNIT 2 2115AH,2021-06-01,1,30,31414,43569,45651
42-317-42482,8488,10356,EXXON,DARK STAR UNIT 2 2115AH,2021-07-01,2,31,38220,53206,55592
42-317-42482,8488,10356,EXXON,DARK STAR UNIT 2 2115AH,2021-08-01,3,31,41612,61207,60589
42-317-42482,8488,10356,EXXON,DARK STAR UNIT 2 2115AH,2021-09-01,4,30,29732,59389,43337
42-317-42482,8488,10356,EXXON,DARK STAR UNIT 2 2115AH,2021-10-01,5,31,21548,59530,31441
42-317-42482,8488,10356,EXXON,DARK STAR UNIT 2 2115AH,2021-11-01,6,30,16838,56424,24594
42-317-42482,8488,10356,EXXON,DARK STAR UNIT 2 2115AH,2021-12-01,7,31,12644,49554,18487
42-317-42482,8488,10356,EXXON,DARK STAR UNIT 2 2115AH,2022-01-01,8,31,10759,45224,15747
42-317-42482,8488,10356,EXXON,DARK STAR UNIT 2 2115AH,2022-02-01,9,28,8096,41048,11861
42-317-42482,8488,10356,EXXON,DARK STAR UNIT 2 2115AH,2022-03-01,10,31,7800,40727,11441
42-317-42482,8488,10356,EXXON,DARK STAR UNIT 2 2115AH,2022-04-01,11,30,5991,30649,8797
42-317-42482,8488,10356,EXXON,DARK STAR UNIT 2 2115AH,2022-05-01,12,31,6593,30677,9690
42-317-42482,8488,10356,EXXON,DARK STAR UNIT 2 2115AH,2022-06-01,13,30,6665,36926,9806
42-317-42482,8488,10356,EXXON,DARK STAR UNIT 2 2115AH,2022-07-01,14,31,4848,34624,7141
42-317-42482,8488,10356,EXXON,DARK STAR UNIT 2 2115AH,2022-08-01,15,31,2856,21508,4210
42-317-42482,8488,10356,EXXON,DARK STAR UNIT 2 2115AH,2022-09-01,16,30,3139,20820,4633
42-317-42482,8488,10356,EXXON,DARK STAR UNIT 2 2115AH,2022-10-01,17,31,5175,28572,7645
42-317-42482,8488,10356,EXXON,DARK STAR UNIT 2 2115AH,2022-11-01,18,30,5463,34514,8080
42-317-40563,8613,7562,"VENCER ENERGY, LLC",MCMURRY-CRIM 10 101HA,2017-04-01,1,30,1053,1170,2029
42-317-40563,8613,7562,"VENCER ENERGY, LLC",MCMURRY-CRIM 10 101HA,2017-05-01,2,31,820,805,1585
42-317-40563,8613,7562,"VENCER ENERGY, LLC",MCMURRY-CRIM 10 101HA,2017-06-01,3,30,4740,4785,9216
42-317-40563,8613,7562,"VENCER ENERGY, LLC",MCMURRY-CRIM 10 101HA,2017-07-01,4,31,5510,5392,10773
42-317-40563,8613,7562,"VENCER ENERGY, LLC",MCMURRY-CRIM 10 101HA,2017-08-01,5,31,4429,3240,8710
42-317-40563,8613,7562,"VENCER ENERGY, LLC",MCMURRY-CRIM 10 101HA,2017-09-01,6,30,5607,5984,11091
42-317-40563,8613,7562,"VENCER ENERGY, LLC",MCMURRY-CRIM 10 101HA,2017-10-01,7,31,4959,5883,9864
42-317-40563,8613,7562,"VENCER ENERGY, LLC",MCMURRY-CRIM 10 101HA,2017-11-01,8,30,4412,6086,8826
42-317-40563,8613,7562,"VENCER ENERGY, LLC",MCMURRY-CRIM 10 101HA,2017-12-01,9,31,3580,6860,7202
42-317-40563,8613,7562,"VENCER ENERGY, LLC",MCMURRY-CRIM 10 101HA,2018-01-01,10,31,1669,2112,3377
42-317-40563,8613,7562,"VENCER ENERGY, LLC",MCMURRY-CRIM 10 101HA,2018-02-01,11,28,3977,5372,8094
42-317-40563,8613,7562,"VENCER ENERGY, LLC",MCMURRY-CRIM 10 101HA,2018-03-01,12,31,3748,9701,7670
42-317-40563,8613,7562,"VENCER ENERGY, LLC",MCMURRY-CRIM 10 101HA,2018-04-01,13,30,2251,6205,4633
42-317-40563,8613,7562,"VENCER ENERGY, LLC",MCMURRY-CRIM 10 101HA,2018-05-01,14,31,2515,3720,5206
42-317-40563,8613,7562,"VENCER ENERGY, LLC",MCMURRY-CRIM 10 101HA,2018-06-01,15,30,2481,5868,5164
42-317-40563,8613,7562,"VENCER ENERGY, LLC",MCMURRY-CRIM 10 101HA,2018-07-01,16,31,2666,6777,5581
42-317-40563,8613,7562,"VENCER ENERGY, LLC",MCMURRY-CRIM 10 101HA,2018-08-01,17,31,2440,6794,5139
42-317-40563,8613,7562,"VENCER ENERGY, LLC",MCMURRY-CRIM 10 101HA,2018-09-01,18,30,2338,5786,4951
42-317-40563,8613,7562,"VENCER ENERGY, LLC",MCMURRY-CRIM 10 101HA,2018-10-01,19,31,2015,6565,4291
42-317-40563,8613,7562,"VENCER ENERGY, LLC",MCMURRY-CRIM 10 101HA,2018-11-01,20,30,1876,5158,4018
42-317-40563,8613,7562,"VENCER ENERGY, LLC",MCMURRY-CRIM 10 101HA,2018-12-01,21,31,1746,5009,3761
42-317-40563,8613,7562,"VENCER ENERGY, LLC",MCMURRY-CRIM 10 101HA,2019-01-01,22,31,1710,6344,3707
42-317-40563,8613,7562,"VENCER ENERGY, LLC",MCMURRY-CRIM 10 101HA,2019-02-01,23,28,1043,4342,2274
42-317-40563,8613,7562,"VENCER ENERGY, LLC",MCMURRY-CRIM 10 101HA,2019-03-01,24,31,1686,4494,3694
42-317-40563,8613,7562,"VENCER ENERGY, LLC",MCMURRY-CRIM 10 101HA,2019-04-01,25,30,1588,3775,3499
42-317-40563,8613,7562,"VENCER ENERGY, LLC",MCMURRY-CRIM 10 101HA,2019-05-01,26,31,1573,4406,3485
42-317-40563,8613,7562,"VENCER ENERGY, LLC",MCMURRY-CRIM 10 101HA,2019-06-01,27,30,1377,4131,3070
42-317-40563,8613,7562,"VENCER ENERGY, LLC",MCMURRY-CRIM 10 101HA,2019-07-01,28,31,1411,3834,3164
42-317-40563,8613,7562,"VENCER ENERGY, LLC",MCMURRY-CRIM 10 101HA,2019-08-01,29,31,1187,3443,2676
42-317-40563,8613,7562,"VENCER ENERGY, LLC",MCMURRY-CRIM 10 101HA,2019-09-01,30,30,1296,4031,2939
42-317-40563,8613,7562,"VENCER ENERGY, LLC",MCMURRY-CRIM 10 101HA,2019-10-01,31,31,1285,3882,2932
42-317-40563,8613,7562,"VENCER ENERGY, LLC",MCMURRY-CRIM 10 101HA,2019-11-01,32,30,1057,3340,2424
42-317-40563,8613,7562,"VENCER ENERGY, LLC",MCMURRY-CRIM 10 101HA,2019-12-01,33,31,1106,3477,2551
42-317-40563,8613,7562,"VENCER ENERGY, LLC",MCMURRY-CRIM 10 101HA,2020-01-01,34,31,1107,4350,2568
42-317-40563,8613,7562,"VENCER ENERGY, LLC",MCMURRY-CRIM 10 101HA,2020-02-01,35,29,970,5069,2263
42-317-40563,8613,7562,"VENCER ENERGY, LLC",MCMURRY-CRIM 10 101HA,2020-03-01,36,31,983,4120,2306
42-317-40563,8613,7562,"VENCER ENERGY, LLC",MCMURRY-CRIM 10 101HA,2020-04-01,37,30,967,3303,2283
42-317-40563,8613,7562,"VENCER ENERGY, LLC",MCMURRY-CRIM 10 101HA,2020-05-01,38,31,990,3783,2350
42-317-40563,8613,7562,"VENCER ENERGY, LLC",MCMURRY-CRIM 10 101HA,2020-06-01,39,30,858,4752,2047
42-317-40563,8613,7562,"VENCER ENERGY, LLC",MCMURRY-CRIM 10 101HA,2020-07-01,40,31,1166,5045,2800
42-317-40563,8613,7562,"VENCER ENERGY, LLC",MCMURRY-CRIM 10 101HA,2020-08-01,41,31,938,4749,2265
42-317-40563,8613,7562,"VENCER ENERGY, LLC",MCMURRY-CRIM 10 101HA,2020-09-01,42,30,857,4175,2082
42-317-40563,8613,7562,"VENCER ENERGY, LLC",MCMURRY-CRIM 10 101HA,2020-10-01,43,31,837,3185,2045
42-317-40563,8613,7562,"VENCER ENERGY, LLC",MCMURRY-CRIM 10 101HA,2020-11-01,44,30,765,2742,1880
42-317-40563,8613,7562,"VENCER ENERGY, LLC",MCMURRY-CRIM 10 101HA,2020-12-01,45,31,858,1418,2120
42-317-40563,8613,7562,"VENCER ENERGY, LLC",MCMURRY-CRIM 10 101HA,2021-01-01,46,31,906,2843,2251
42-317-40563,8613,7562,"VENCER ENERGY, LLC",MCMURRY-CRIM 10 101HA,2021-02-01,47,28,446,1775,1114
42-317-40563,8613,7562,"VENCER ENERGY, LLC",MCMURRY-CRIM 10 101HA,2021-03-01,48,31,482,2144,1212
42-317-40563,8613,7562,"VENCER ENERGY, LLC",MCMURRY-CRIM 10 101HA,2021-04-01,49,30,891,2541,2252
42-317-40563,8613,7562,"VENCER ENERGY, LLC",MCMURRY-CRIM 10 101HA,2021-05-01,50,31,855,2309,2174
42-317-40563,8613,7562,"VENCER ENERGY, LLC",MCMURRY-CRIM 10 101HA,2021-06-01,51,30,791,2721,2022
42-317-40563,8613,7562,"VENCER ENERGY, LLC",MCMURRY-CRIM 10 101HA,2021-07-01,52,31,720,2853,1852
42-317-40563,8613,7562,"VENCER ENERGY, LLC",MCMURRY-CRIM 10 101HA,2021-08-01,53,31,598,1883,1545
42-317-40563,8613,7562,"VENCER ENERGY, LLC",MCMURRY-CRIM 10 101HA,2021-09-01,54,30,539,2203,1403
42-317-40563,8613,7562,"VENCER ENERGY, LLC",MCMURRY-CRIM 10 101HA,2021-10-01,55,31,815,2629,2131
42-317-40563,8613,7562,"VENCER ENERGY, LLC",MCMURRY-CRIM 10 101HA,2021-11-01,56,30,745,1943,1961
42-317-40563,8613,7562,"VENCER ENERGY, LLC",MCMURRY-CRIM 10 101HA,2021-12-01,57,31,708,2269,1873
42-317-40563,8613,7562,"VENCER ENERGY, LLC",MCMURRY-CRIM 10 101HA,2022-01-01,58,31,584,2484,1554
42-317-40563,8613,7562,"VENCER ENERGY, LLC",MCMURRY-CRIM 10 101HA,2022-02-01,59,28,542,2271,1450
42-317-40563,8613,7562,"VENCER ENERGY, LLC",MCMURRY-CRIM 10 101HA,2022-03-01,60,31,636,2731,1711
42-317-40563,8613,7562,"VENCER ENERGY, LLC",MCMURRY-CRIM 10 101HA,2022-04-01,61,30,573,2511,1552
42-317-40563,8613,7562,"VENCER ENERGY, LLC",MCMURRY-CRIM 10 101HA,2022-05-01,62,31,394,1872,1071
42-317-40563,8613,7562,"VENCER ENERGY, LLC",MCMURRY-CRIM 10 101HA,2022-06-01,63,30,301,883,825
42-317-40563,8613,7562,"VENCER ENERGY, LLC",MCMURRY-CRIM 10 101HA,2022-07-01,64,31,426,1485,1173
42-317-40563,8613,7562,"VENCER ENERGY, LLC",MCMURRY-CRIM 10 101HA,2022-08-01,65,31,655,3917,1814
42-317-40563,8613,7562,"VENCER ENERGY, LLC",MCMURRY-CRIM 10 101HA,2022-09-01,66,30,750,5911,2089
42-317-40563,8613,7562,"VENCER ENERGY, LLC",MCMURRY-CRIM 10 101HA,2022-10-01,67,31,768,4002,2151
42-317-41635,8509,10222,"VENCER ENERGY, LLC",TEXACO 41-MCMURRY B 20 102HA,2019-03-01,1,31,26161,21478,20521
42-317-41635,8509,10222,"VENCER ENERGY, LLC",TEXACO 41-MCMURRY B 20 102HA,2019-04-01,2,30,26129,27488,33844
42-317-41635,8509,10222,"VENCER ENERGY, LLC",TEXACO 41-MCMURRY B 20 102HA,2019-05-01,3,31,31726,35508,39961
42-317-41635,8509,10222,"VENCER ENERGY, LLC",TEXACO 41-MCMURRY B 20 102HA,2019-06-01,4,30,29531,29209,36171
42-317-41635,8509,10222,"VENCER ENERGY, LLC",TEXACO 41-MCMURRY B 20 102HA,2019-07-01,5,31,21597,33433,25724
42-317-41635,8509,10222,"VENCER ENERGY, LLC",TEXACO 41-MCMURRY B 20 102HA,2019-08-01,6,31,18854,36899,21827
42-317-41635,8509,10222,"VENCER ENERGY, LLC",TEXACO 41-MCMURRY B 20 102HA,2019-09-01,7,30,16439,34726,18507
42-317-41635,8509,10222,"VENCER ENERGY, LLC",TEXACO 41-MCMURRY B 20 102HA,2019-10-01,8,31,14139,23734,15479
42-317-41635,8509,10222,"VENCER ENERGY, LLC",TEXACO 41-MCMURRY B 20 102HA,2019-11-01,9,30,11641,21301,12393
42-317-41635,8509,10222,"VENCER ENERGY, LLC",TEXACO 41-MCMURRY B 20 102HA,2019-12-01,10,31,9580,19696,9918
42-317-41635,8509,10222,"VENCER ENERGY, LLC",TEXACO 41-MCMURRY B 20 102HA,2020-01-01,11,31,10583,17148,10649
42-317-41635,8509,10222,"VENCER ENERGY, LLC",TEXACO 41-MCMURRY B 20 102HA,2020-02-01,12,29,7968,12444,7800
42-317-41635,8509,10222,"VENCER ENERGY, LLC",TEXACO 41-MCMURRY B 20 102HA,2020-03-01,13,31,9895,17916,9424
42-317-41635,8509,10222,"VENCER ENERGY, LLC",TEXACO 41-MCMURRY B 20 102HA,2020-04-01,14,30,7989,8196,7399
42-317-41635,8509,10222,"VENCER ENERGY, LLC",TEXACO 41-MCMURRY B 20 102HA,2020-05-01,15,31,7008,7052,6312
42-317-41635,8509,10222,"VENCER ENERGY, LLC",TEXACO 41-MCMURRY B 20 102HA,2020-06-01,16,30,9425,8716,8254
42-317-41635,8509,10222,"VENCER ENERGY, LLC",TEXACO 41-MCMURRY B 20 102HA,2020-07-01,17,31,9468,9138,8063
42-317-41635,8509,10222,"VENCER ENERGY, LLC",TEXACO 41-MCMURRY B 20 102HA,2020-08-01,18,31,8064,8090,6675
42-317-41635,8509,10222,"VENCER ENERGY, LLC",TEXACO 41-MCMURRY B 20 102HA,2020-09-01,19,30,6914,6689,5565
42-317-41635,8509,10222,"VENCER ENERGY, LLC",TEXACO 41-MCMURRY B 20 102HA,2020-10-01,20,31,7397,6389,5790
42-317-41635,8509,10222,"VENCER ENERGY, LLC",TEXACO 41-MCMURRY B 20 102HA,2020-11-01,21,30,5632,4936,4287
42-317-41635,8509,10222,"VENCER ENERGY, LLC",TEXACO 41-MCMURRY B 20 102HA,2020-12-01,22,31,6580,2571,4870
42-317-41635,8509,10222,"VENCER ENERGY, LLC",TEXACO 41-MCMURRY B 20 102HA,2021-01-01,23,31,6731,2545,4843
42-317-41635,8509,10222,"VENCER ENERGY, LLC",TEXACO 41-MCMURRY B 20 102HA,2021-02-01,24,28,4370,1614,3060
42-317-41635,8509,10222,"VENCER ENERGY, LLC",TEXACO 41-MCMURRY B 20 102HA,2021-03-01,25,31,7024,3287,4788
42-317-41635,8509,10222,"VENCER ENERGY, LLC",TEXACO 41-MCMURRY B 20 102HA,2021-04-01,26,30,8303,3679,5504
42-317-41635,8509,10222,"VENCER ENERGY, LLC",TEXACO 41-MCMURRY B 20 102HA,2021-05-01,27,31,5347,3389,3446
42-317-41635,8509,10222,"VENCER ENERGY, LLC",TEXACO 41-MCMURRY B 20 102HA,2021-06-01,28,30,5130,3068,3216
42-317-41635,8509,10222,"VENCER ENERGY, LLC",TEXACO 41-MCMURRY B 20 102HA,2021-07-01,29,31,5266,3034,3209
42-317-41635,8509,10222,"VENCER ENERGY, LLC",TEXACO 41-MCMURRY B 20 102HA,2021-08-01,30,31,5278,2850,3127
42-317-41635,8509,10222,"VENCER ENERGY, LLC",TEXACO 41-MCMURRY B 20 102HA,2021-09-01,31,30,4631,3891,2668
42-317-41635,8509,10222,"VENCER ENERGY, LLC",TEXACO 41-MCMURRY B 20 102HA,2021-10-01,32,31,4512,3634,2528
42-317-41635,8509,10222,"VENCER ENERGY, LLC",TEXACO 41-MCMURRY B 20 102HA,2021-11-01,33,30,3281,2984,1787
42-317-41635,8509,10222,"VENCER ENERGY, LLC",TEXACO 41-MCMURRY B 20 102HA,2021-12-01,34,31,3137,2764,1662
42-317-41635,8509,10222,"VENCER ENERGY, LLC",TEXACO 41-MCMURRY B 20 102HA,2022-01-01,35,31,3056,2579,1573
42-317-41635,8509,10222,"VENCER ENERGY, LLC",TEXACO 41-MCMURRY B 20 102HA,2022-02-01,36,28,2345,2178,1175
42-317-41635,8509,10222,"VENCER ENERGY, LLC",TEXACO 41-MCMURRY B 20 102HA,2022-03-01,37,31,4281,2614,2088
42-317-41635,8509,10222,"VENCER ENERGY, LLC",TEXACO 41-MCMURRY B 20 102HA,2022-04-01,38,30,3571,1929,1694
42-317-41635,8509,10222,"VENCER ENERGY, LLC",TEXACO 41-MCMURRY B 20 102HA,2022-05-01,39,31,16,12,7
42-317-41635,8509,10222,"VENCER ENERGY, LLC",TEXACO 41-MCMURRY B 20 102HA,2022-06-01,40,30,708,523,318
42-317-41635,8509,10222,"VENCER ENERGY, LLC",TEXACO 41-MCMURRY B 20 102HA,2022-07-01,41,31,2517,843,1098
42-317-41635,8509,10222,"VENCER ENERGY, LLC",TEXACO 41-MCMURRY B 20 102HA,2022-08-01,42,31,774,191,328
42-317-41635,8509,10222,"VENCER ENERGY, LLC",TEXACO 41-MCMURRY B 20 102HA,2022-09-01,43,30,1137,162,469
42-317-41635,8509,10222,"VENCER ENERGY, LLC",TEXACO 41-MCMURRY B 20 102HA,2022-10-01,44,31,999,195,401
42-317-41635,8509,10222,"VENCER ENERGY, LLC",TEXACO 41-MCMURRY B 20 102HA,2022-11-01,45,30,1477,109,576
42-317-41014,8495,9852,LARIO OIL & GAS COMPANY,DOOLITTLE 2 402WA,2018-07-01,1,31,19265,15035,20713
42-317-41014,8495,9852,LARIO OIL & GAS COMPANY,DOOLITTLE 2 402WA,2018-08-01,2,31,36186,29763,108747
42-317-41014,8495,9852,LARIO OIL & GAS COMPANY,DOOLITTLE 2 402WA,2018-09-01,3,30,25169,19075,75535
42-317-41014,8495,9852,LARIO OIL & GAS COMPANY,DOOLITTLE 2 402WA,2018-10-01,4,31,21220,21324,63597
42-317-41014,8495,9852,LARIO OIL & GAS COMPANY,DOOLITTLE 2 402WA,2018-11-01,5,30,18097,17420,54163
42-317-41014,8495,9852,LARIO OIL & GAS COMPANY,DOOLITTLE 2 402WA,2018-12-01,6,31,15863,13383,47413
42-317-41014,8495,9852,LARIO OIL & GAS COMPANY,DOOLITTLE 2 402WA,2019-01-01,7,31,10854,12006,32396
42-317-41014,8495,9852,LARIO OIL & GAS COMPANY,DOOLITTLE 2 402WA,2019-02-01,8,28,11270,8417,33594
42-317-41014,8495,9852,LARIO OIL & GAS COMPANY,DOOLITTLE 2 402WA,2019-03-01,9,31,10306,9384,30680
42-317-41014,8495,9852,LARIO OIL & GAS COMPANY,DOOLITTLE 2 402WA,2019-04-01,10,30,8131,4587,24172
42-317-41014,8495,9852,LARIO OIL & GAS COMPANY,DOOLITTLE 2 402WA,2019-05-01,11,31,6947,3215,20624
42-317-41014,8495,9852,LARIO OIL & GAS COMPANY,DOOLITTLE 2 402WA,2019-06-01,12,30,6278,2305,18613
42-317-41014,8495,9852,LARIO OIL & GAS COMPANY,DOOLITTLE 2 402WA,2019-07-01,13,31,5995,2629,17749
42-317-41014,8495,9852,LARIO OIL & GAS COMPANY,DOOLITTLE 2 402WA,2019-08-01,14,31,11643,6518,0
42-317-41014,8495,9852,LARIO OIL & GAS COMPANY,DOOLITTLE 2 402WA,2019-09-01,15,30,9593,5409,0
42-317-41014,8495,9852,LARIO OIL & GAS COMPANY,DOOLITTLE 2 402WA,2019-10-01,16,31,8696,5939,0
42-317-41014,8495,9852,LARIO OIL & GAS COMPANY,DOOLITTLE 2 402WA,2019-11-01,17,30,7346,4413,0
42-317-41014,8495,9852,LARIO OIL & GAS COMPANY,DOOLITTLE 2 402WA,2019-12-01,18,31,8323,6678,0
42-317-41014,8495,9852,LARIO OIL & GAS COMPANY,DOOLITTLE 2 402WA,2020-01-01,19,31,11058,7093,0
42-317-41014,8495,9852,LARIO OIL & GAS COMPANY,DOOLITTLE 2 402WA,2020-02-01,20,29,7901,6830,0
42-317-41014,8495,9852,LARIO OIL & GAS COMPANY,DOOLITTLE 2 402WA,2020-03-01,21,31,6249,3905,0
42-317-41014,8495,9852,LARIO OIL & GAS COMPANY,DOOLITTLE 2 402WA,2020-04-01,22,30,6492,3632,0
42-317-41014,8495,9852,LARIO OIL & GAS COMPANY,DOOLITTLE 2 402WA,2020-05-01,23,31,7331,3369,0
42-317-41014,8495,9852,LARIO OIL & GAS COMPANY,DOOLITTLE 2 402WA,2020-06-01,24,30,5973,5016,0
42-317-41014,8495,9852,LARIO OIL & GAS COMPANY,DOOLITTLE 2 402WA,2020-07-01,25,31,6558,4745,0
42-317-41014,8495,9852,LARIO OIL & GAS COMPANY,DOOLITTLE 2 402WA,2020-08-01,26,31,5078,3617,0
42-317-41014,8495,9852,LARIO OIL & GAS COMPANY,DOOLITTLE 2 402WA,2020-09-01,27,30,4780,3045,0
42-317-41014,8495,9852,LARIO OIL & GAS COMPANY,DOOLITTLE 2 402WA,2020-10-01,28,31,3902,1969,0
42-317-41014,8495,9852,LARIO OIL & GAS COMPANY,DOOLITTLE 2 402WA,2020-11-01,29,30,711,904,0
42-317-41014,8495,9852,LARIO OIL & GAS COMPANY,DOOLITTLE 2 402WA,2020-12-01,30,31,439,488,0
42-317-41014,8495,9852,LARIO OIL & GAS COMPANY,DOOLITTLE 2 402WA,2021-01-01,31,31,1147,1013,0
42-317-41014,8495,9852,LARIO OIL & GAS COMPANY,DOOLITTLE 2 402WA,2021-02-01,32,28,650,1683,0
42-317-41014,8495,9852,LARIO OIL & GAS COMPANY,DOOLITTLE 2 402WA,2021-03-01,33,31,968,1899,0
42-317-41014,8495,9852,LARIO OIL & GAS COMPANY,DOOLITTLE 2 402WA,2021-04-01,34,30,111,2,0
42-317-41014,8495,9852,LARIO OIL & GAS COMPANY,DOOLITTLE 2 402WA,2021-05-01,35,31,1310,915,0
42-317-41014,8495,9852,LARIO OIL & GAS COMPANY,DOOLITTLE 2 402WA,2021-06-01,36,30,10737,6543,0
42-317-41014,8495,9852,LARIO OIL & GAS COMPANY,DOOLITTLE 2 402WA,2021-07-01,37,31,9520,8071,0
42-317-41014,8495,9852,LARIO OIL & GAS COMPANY,DOOLITTLE 2 402WA,2021-08-01,38,31,8890,7273,0
42-317-41014,8495,9852,LARIO OIL & GAS COMPANY,DOOLITTLE 2 402WA,2021-09-01,39,30,6606,5454,0
42-317-41014,8495,9852,LARIO OIL & GAS COMPANY,DOOLITTLE 2 402WA,2021-10-01,40,31,6360,4578,0
42-317-41014,8495,9852,LARIO OIL & GAS COMPANY,DOOLITTLE 2 402WA,2021-11-01,41,30,6298,4524,0
42-317-41014,8495,9852,LARIO OIL & GAS COMPANY,DOOLITTLE 2 402WA,2021-12-01,42,31,1581,1279,0
42-317-41014,8495,9852,LARIO OIL & GAS COMPANY,DOOLITTLE 2 402WA,2022-01-01,43,31,6259,3896,0
42-317-41014,8495,9852,LARIO OIL & GAS COMPANY,DOOLITTLE 2 402WA,2022-02-01,44,28,1368,765,0
42-317-41014,8495,9852,LARIO OIL & GAS COMPANY,DOOLITTLE 2 402WA,2022-03-01,45,0,0,0,0
42-317-41014,8495,9852,LARIO OIL & GAS COMPANY,DOOLITTLE 2 402WA,2022-04-01,46,0,0,0,0
42-317-41014,8495,9852,LARIO OIL & GAS COMPANY,DOOLITTLE 2 402WA,2022-05-01,47,0,0,0,0
42-317-41014,8495,9852,LARIO OIL & GAS COMPANY,DOOLITTLE 2 402WA,2022-06-01,48,30,38,68,0
42-317-41014,8495,9852,LARIO OIL & GAS COMPANY,DOOLITTLE 2 402WA,2022-07-01,49,31,3357,1599,0
42-317-41014,8495,9852,LARIO OIL & GAS COMPANY,DOOLITTLE 2 402WA,2022-08-01,50,31,5733,478,0
42-317-41014,8495,9852,LARIO OIL & GAS COMPANY,DOOLITTLE 2 402WA,2022-09-01,51,30,4551,2528,0
42-317-41668,8516,10340,CHEVRON,VLT BROWNING HUNTER UNIT 0011WA,2019-09-01,1,30,24764,16440,19020
42-317-41668,8516,10340,CHEVRON,VLT BROWNING HUNTER UNIT 0011WA,2019-10-01,2,31,45265,26970,34871
42-317-41668,8516,10340,CHEVRON,VLT BROWNING HUNTER UNIT 0011WA,2019-11-01,3,30,44922,30292,34139
42-317-41668,8516,10340,CHEVRON,VLT BROWNING HUNTER UNIT 0011WA,2019-12-01,4,31,37922,27098,28430
42-317-41668,8516,10340,CHEVRON,VLT BROWNING HUNTER UNIT 0011WA,2020-01-01,5,31,33461,23261,24741
42-317-41668,8516,10340,CHEVRON,VLT BROWNING HUNTER UNIT 0011WA,2020-02-01,6,29,22951,16146,16744
42-317-41668,8516,10340,CHEVRON,VLT BROWNING HUNTER UNIT 0011WA,2020-03-01,7,31,19318,13305,13907
42-317-41668,8516,10340,CHEVRON,VLT BROWNING HUNTER UNIT 0011WA,2020-04-01,8,30,20566,13686,14605
42-317-41668,8516,10340,CHEVRON,VLT BROWNING HUNTER UNIT 0011WA,2020-05-01,9,31,18074,12858,12662
42-317-41668,8516,10340,CHEVRON,VLT BROWNING HUNTER UNIT 0011WA,2020-06-01,10,30,16861,12295,11652
42-317-41668,8516,10340,CHEVRON,VLT BROWNING HUNTER UNIT 0011WA,2020-07-01,11,31,19228,14455,13109
42-317-41668,8516,10340,CHEVRON,VLT BROWNING HUNTER UNIT 0011WA,2020-08-01,12,31,15559,10843,10462
42-317-41668,8516,10340,CHEVRON,VLT BROWNING HUNTER UNIT 0011WA,2020-09-01,13,30,12962,7981,8598
42-317-41668,8516,10340,CHEVRON,VLT BROWNING HUNTER UNIT 0011WA,2020-10-01,14,31,12946,8135,8471
42-317-41668,8516,10340,CHEVRON,VLT BROWNING HUNTER UNIT 0011WA,2020-11-01,15,30,11923,7438,7696
42-317-41668,8516,10340,CHEVRON,VLT BROWNING HUNTER UNIT 0011WA,2020-12-01,16,31,11453,7047,7293
42-317-41668,8516,10340,CHEVRON,VLT BROWNING HUNTER UNIT 0011WA,2021-01-01,17,31,10377,6686,6517
42-317-41668,8516,10340,CHEVRON,VLT BROWNING HUNTER UNIT 0011WA,2021-02-01,18,28,10208,7013,6327
42-317-41668,8516,10340,CHEVRON,VLT BROWNING HUNTER UNIT 0011WA,2021-03-01,19,31,2079,1375,1272
42-317-41668,8516,10340,CHEVRON,VLT BROWNING HUNTER UNIT 0011WA,2021-04-01,20,30,17831,10089,10760
42-317-41668,8516,10340,CHEVRON,VLT BROWNING HUNTER UNIT 0011WA,2021-05-01,21,31,14919,10191,8881
42-317-41668,8516,10340,CHEVRON,VLT BROWNING HUNTER UNIT 0011WA,2021-06-01,22,30,14664,12092,8612
42-317-41668,8516,10340,CHEVRON,VLT BROWNING HUNTER UNIT 0011WA,2021-07-01,23,31,14068,12854,8150
42-317-41668,8516,10340,CHEVRON,VLT BROWNING HUNTER UNIT 0011WA,2021-08-01,24,31,13891,0,7937
42-317-41668,8516,10340,CHEVRON,VLT BROWNING HUNTER UNIT 0011WA,2021-09-01,25,30,12583,3366,7092
42-317-41668,8516,10340,CHEVRON,VLT BROWNING HUNTER UNIT 0011WA,2021-10-01,26,31,11554,5239,6424
42-317-41668,8516,10340,CHEVRON,VLT BROWNING HUNTER UNIT 0011WA,2021-11-01,27,30,12358,15719,6779
42-317-41668,8516,10340,CHEVRON,VLT BROWNING HUNTER UNIT 0011WA,2021-12-01,28,31,12028,12072,6509
42-317-41668,8516,10340,CHEVRON,VLT BROWNING HUNTER UNIT 0011WA,2022-01-01,29,31,11569,11347,6174
42-317-41668,8516,10340,CHEVRON,VLT BROWNING HUNTER UNIT 0011WA,2022-02-01,30,28,10034,12130,5285
42-317-41668,8516,10340,CHEVRON,VLT BROWNING HUNTER UNIT 0011WA,2022-03-01,31,31,10723,17585,5574
42-317-41668,8516,10340,CHEVRON,VLT BROWNING HUNTER UNIT 0011WA,2022-04-01,32,30,10895,11949,5587
42-317-41668,8516,10340,CHEVRON,VLT BROWNING HUNTER UNIT 0011WA,2022-05-01,33,31,10234,9446,5177
42-317-41668,8516,10340,CHEVRON,VLT BROWNING HUNTER UNIT 0011WA,2022-06-01,34,30,9487,7440,4734
42-317-41668,8516,10340,CHEVRON,VLT BROWNING HUNTER UNIT 0011WA,2022-07-01,35,31,9683,9568,4767
42-317-41668,8516,10340,CHEVRON,VLT BROWNING HUNTER UNIT 0011WA,2022-08-01,36,31,8922,7018,4332
42-317-41668,8516,10340,CHEVRON,VLT BROWNING HUNTER UNIT 0011WA,2022-09-01,37,30,8339,6350,3994
42-317-41668,8516,10340,CHEVRON,VLT BROWNING HUNTER UNIT 0011WA,2022-10-01,38,31,2189,0,1034
42-317-42303,8453,9933,LARIO OIL & GAS COMPANY,DOOLITTLE 9 201,2020-06-01,1,30,23801,17091,59750
42-317-42303,8453,9933,LARIO OIL & GAS COMPANY,DOOLITTLE 9 201,2020-07-01,2,31,17285,16497,48203
42-317-42303,8453,9933,LARIO OIL & GAS COMPANY,DOOLITTLE 9 201,2020-08-01,3,31,13789,13519,37199
42-317-42303,8453,9933,LARIO OIL & GAS COMPANY,DOOLITTLE 9 201,2020-09-01,4,30,10707,9557,27956
42-317-42303,8453,9933,LARIO OIL & GAS COMPANY,DOOLITTLE 9 201,2020-10-01,5,31,11303,14224,28565
42-317-42303,8453,9933,LARIO OIL & GAS COMPANY,DOOLITTLE 9 201,2020-11-01,6,30,9625,12854,23543
42-317-42303,8453,9933,LARIO OIL & GAS COMPANY,DOOLITTLE 9 201,2020-12-01,7,31,8065,10232,19094
42-317-42303,8453,9933,LARIO OIL & GAS COMPANY,DOOLITTLE 9 201,2021-01-01,8,31,7984,7027,18285
42-317-42303,8453,9933,LARIO OIL & GAS COMPANY,DOOLITTLE 9 201,2021-02-01,9,28,5461,5517,12118
42-317-42303,8453,9933,LARIO OIL & GAS COMPANY,DOOLITTLE 9 201,2021-03-01,10,31,8005,7843,17212
42-317-42303,8453,9933,LARIO OIL & GAS COMPANY,DOOLITTLE 9 201,2021-04-01,11,30,3621,2841,7535
42-317-42303,8453,9933,LARIO OIL & GAS COMPANY,DOOLITTLE 9 201,2021-05-01,12,31,7391,7288,14887
42-317-42303,8453,9933,LARIO OIL & GAS COMPANY,DOOLITTLE 9 201,2021-06-01,13,30,8071,11659,15735
42-317-42303,8453,9933,LARIO OIL & GAS COMPANY,DOOLITTLE 9 201,2021-07-01,14,31,2790,3267,5265
42-317-42303,8453,9933,LARIO OIL & GAS COMPANY,DOOLITTLE 9 201,2021-08-01,15,31,3503,1002,6394
42-317-42303,8453,9933,LARIO OIL & GAS COMPANY,DOOLITTLE 9 201,2021-09-01,16,30,6605,6799,11669
42-317-42303,8453,9933,LARIO OIL & GAS COMPANY,DOOLITTLE 9 201,2021-10-01,17,31,6521,9139,11151
42-317-42303,8453,9933,LARIO OIL & GAS COMPANY,DOOLITTLE 9 201,2021-11-01,18,30,4809,5642,7959
42-317-42303,8453,9933,LARIO OIL & GAS COMPANY,DOOLITTLE 9 201,2021-12-01,19,31,4857,8916,7781
42-317-42303,8453,9933,LARIO OIL & GAS COMPANY,DOOLITTLE 9 201,2022-01-01,20,31,6404,10558,9924
42-317-42303,8453,9933,LARIO OIL & GAS COMPANY,DOOLITTLE 9 201,2022-02-01,21,28,5380,7110,8078
42-317-42303,8453,9933,LARIO OIL & GAS COMPANY,DOOLITTLE 9 201,2022-03-01,22,31,4788,6942,6966
42-317-42303,8453,9933,LARIO OIL & GAS COMPANY,DOOLITTLE 9 201,2022-04-01,23,30,4931,7058,6943
42-317-42303,8453,9933,LARIO OIL & GAS COMPANY,DOOLITTLE 9 201,2022-05-01,24,31,2698,4741,3677
42-317-42303,8453,9933,LARIO OIL & GAS COMPANY,DOOLITTLE 9 201,2022-06-01,25,30,4735,6182,6246
42-317-42303,8453,9933,LARIO OIL & GAS COMPANY,DOOLITTLE 9 201,2022-07-01,26,31,4641,7129,5926
42-317-42303,8453,9933,LARIO OIL & GAS COMPANY,DOOLITTLE 9 201,2022-08-01,27,31,3440,0,4249
42-317-42303,8453,9933,LARIO OIL & GAS COMPANY,DOOLITTLE 9 201,2022-09-01,28,30,3544,0,4237
42-317-40344,8770,10204,EXXON,LENORAH UNIT 2 0616AH,2017-05-01,1,31,8899,10418,14457
42-317-40344,8770,10204,EXXON,LENORAH UNIT 2 0616AH,2017-06-01,2,30,9558,11301,15622
42-317-40344,8770,10204,EXXON,LENORAH UNIT 2 0616AH,2017-07-01,3,31,8951,11297,14702
42-317-40344,8770,10204,EXXON,LENORAH UNIT 2 0616AH,2017-08-01,4,31,8820,12477,14560
42-317-40344,8770,10204,EXXON,LENORAH UNIT 2 0616AH,2017-09-01,5,30,7935,12519,13166
42-317-40344,8770,10204,EXXON,LENORAH UNIT 2 0616AH,2017-10-01,6,31,7834,16906,13062
42-317-40344,8770,10204,EXXON,LENORAH UNIT 2 0616AH,2017-11-01,7,30,7148,19074,11977
42-317-40344,8770,10204,EXXON,LENORAH UNIT 2 0616AH,2017-12-01,8,31,5696,17484,9592
42-317-40344,8770,10204,EXXON,LENORAH UNIT 2 0616AH,2018-01-01,9,31,5082,12932,8601
42-317-40344,8770,10204,EXXON,LENORAH UNIT 2 0616AH,2018-02-01,10,28,5490,17155,9336
42-317-40344,8770,10204,EXXON,LENORAH UNIT 2 0616AH,2018-03-01,11,31,6274,20015,10722
42-317-40344,8770,10204,EXXON,LENORAH UNIT 2 0616AH,2018-04-01,12,30,5081,16670,8726
42-317-40344,8770,10204,EXXON,LENORAH UNIT 2 0616AH,2018-05-01,13,31,4942,16985,8529
42-317-40344,8770,10204,EXXON,LENORAH UNIT 2 0616AH,2018-06-01,14,30,4954,14646,8592
42-317-40344,8770,10204,EXXON,LENORAH UNIT 2 0616AH,2018-07-01,15,31,4670,13796,8141
42-317-40344,8770,10204,EXXON,LENORAH UNIT 2 0616AH,2018-08-01,16,31,4603,13610,8065
42-317-40344,8770,10204,EXXON,LENORAH UNIT 2 0616AH,2018-09-01,17,30,2006,4550,3533
42-317-40344,8770,10204,EXXON,LENORAH UNIT 2 0616AH,2018-10-01,18,31,999,2713,1767
42-317-40344,8770,10204,EXXON,LENORAH UNIT 2 0616AH,2018-11-01,19,30,1789,2046,3182
42-317-40344,8770,10204,EXXON,LENORAH UNIT 2 0616AH,2018-12-01,20,31,2610,1851,4664
42-317-40344,8770,10204,EXXON,LENORAH UNIT 2 0616AH,2019-01-01,21,31,2487,2399,4467
42-317-40344,8770,10204,EXXON,LENORAH UNIT 2 0616AH,2019-02-01,22,28,2483,546,4481
42-317-40344,8770,10204,EXXON,LENORAH UNIT 2 0616AH,2019-03-01,23,31,3296,116,5978
42-317-40344,8770,10204,EXXON,LENORAH UNIT 2 0616AH,2019-04-01,24,30,2748,1293,5008
42-317-40344,8770,10204,EXXON,LENORAH UNIT 2 0616AH,2019-05-01,25,31,1941,404,3556
42-317-40344,8770,10204,EXXON,LENORAH UNIT 2 0616AH,2019-06-01,26,30,1809,19,3330
42-317-40344,8770,10204,EXXON,LENORAH UNIT 2 0616AH,2019-07-01,27,31,2148,567,3974
42-317-40344,8770,10204,EXXON,LENORAH UNIT 2 0616AH,2019-08-01,28,31,1821,580,3387
42-317-40344,8770,10204,EXXON,LENORAH UNIT 2 0616AH,2019-09-01,29,30,2376,880,4440
42-317-40344,8770,10204,EXXON,LENORAH UNIT 2 0616AH,2019-10-01,30,31,1495,1242,2807
42-317-40344,8770,10204,EXXON,LENORAH UNIT 2 0616AH,2019-11-01,31,30,1835,991,3463
42-317-40344,8770,10204,EXXON,LENORAH UNIT 2 0616AH,2019-12-01,32,31,381,111,723
42-317-40344,8770,10204,EXXON,LENORAH UNIT 2 0616AH,2020-01-01,33,31,381,89,727
42-317-40344,8770,10204,EXXON,LENORAH UNIT 2 0616AH,2020-02-01,34,29,678,48,1299
42-317-40344,8770,10204,EXXON,LENORAH UNIT 2 0616AH,2020-03-01,35,31,3744,2882,7207
42-317-40344,8770,10204,EXXON,LENORAH UNIT 2 0616AH,2020-04-01,36,30,3098,4138,5993
42-317-40344,8770,10204,EXXON,LENORAH UNIT 2 0616AH,2020-05-01,37,31,2313,4602,4498
42-317-40344,8770,10204,EXXON,LENORAH UNIT 2 0616AH,2020-06-01,38,30,897,2759,1752
42-317-40344,8770,10204,EXXON,LENORAH UNIT 2 0616AH,2020-07-01,39,31,2763,5929,5425
42-317-40344,8770,10204,EXXON,LENORAH UNIT 2 0616AH,2020-08-01,40,31,2791,6323,5508
42-317-40344,8770,10204,EXXON,LENORAH UNIT 2 0616AH,2020-09-01,41,30,1769,4718,3509
42-317-40344,8770,10204,EXXON,LENORAH UNIT 2 0616AH,2020-10-01,42,31,1877,5238,3742
42-317-40344,8770,10204,EXXON,LENORAH UNIT 2 0616AH,2020-11-01,43,30,1536,4930,3076
42-317-40344,8770,10204,EXXON,LENORAH UNIT 2 0616AH,2020-12-01,44,31,2153,5519,4335
42-317-40344,8770,10204,EXXON,LENORAH UNIT 2 0616AH,2021-01-01,45,31,1583,4407,3203
42-317-40344,8770,10204,EXXON,LENORAH UNIT 2 0616AH,2021-02-01,46,28,1135,2802,2308
42-317-40344,8770,10204,EXXON,LENORAH UNIT 2 0616AH,2021-03-01,47,31,1444,3551,2951
42-317-40344,8770,10204,EXXON,LENORAH UNIT 2 0616AH,2021-04-01,48,30,612,593,1256
42-317-40344,8770,10204,EXXON,LENORAH UNIT 2 0616AH,2021-05-01,49,31,394,2033,812
42-317-40344,8770,10204,EXXON,LENORAH UNIT 2 0616AH,2021-06-01,50,30,1125,2277,2332
42-317-40344,8770,10204,EXXON,LENORAH UNIT 2 0616AH,2021-07-01,51,31,1316,2119,2743
42-317-40344,8770,10204,EXXON,LENORAH UNIT 2 0616AH,2021-08-01,52,31,4123,4212,8636
42-317-40344,8770,10204,EXXON,LENORAH UNIT 2 0616AH,2021-09-01,53,30,1178,985,2480
42-317-40344,8770,10204,EXXON,LENORAH UNIT 2 0616AH,2021-10-01,54,31,1084,1288,2293
42-317-40344,8770,10204,EXXON,LENORAH UNIT 2 0616AH,2021-11-01,55,30,1063,685,2260
42-317-40344,8770,10204,EXXON,LENORAH UNIT 2 0616AH,2021-12-01,56,31,1318,1310,2815
42-317-40344,8770,10204,EXXON,LENORAH UNIT 2 0616AH,2022-01-01,57,31,792,639,1701
42-317-40344,8770,10204,EXXON,LENORAH UNIT 2 0616AH,2022-02-01,58,28,598,1125,1290
42-317-40344,8770,10204,EXXON,LENORAH UNIT 2 0616AH,2022-03-01,59,31,406,686,879
42-317-40344,8770,10204,EXXON,LENORAH UNIT 2 0616AH,2022-04-01,60,30,1014,2059,2210
42-317-40344,8770,10204,EXXON,LENORAH UNIT 2 0616AH,2022-05-01,61,31,1324,5720,2900
42-317-40344,8770,10204,EXXON,LENORAH UNIT 2 0616AH,2022-06-01,62,30,928,5065,2043
42-317-40344,8770,10204,EXXON,LENORAH UNIT 2 0616AH,2022-07-01,63,31,7047,2767,15586
42-317-40344,8770,10204,EXXON,LENORAH UNIT 2 0616AH,2022-08-01,64,31,284,1034,631
42-317-40344,8770,10204,EXXON,LENORAH UNIT 2 0616AH,2022-09-01,65,30,210,2175,469
42-317-40344,8770,10204,EXXON,LENORAH UNIT 2 0616AH,2022-10-01,66,31,262,1164,589
42-317-40344,8770,10204,EXXON,LENORAH UNIT 2 0616AH,2022-11-01,67,30,1010,961,2279
42-317-40935,8741,7450,"VENCER ENERGY, LLC",MCMURRY-CRIM 50 105HB,2018-05-01,1,31,940,988,0
42-317-40935,8741,7450,"VENCER ENERGY, LLC",MCMURRY-CRIM 50 105HB,2018-06-01,2,30,9722,9397,22285
42-317-40935,8741,7450,"VENCER ENERGY, LLC",MCMURRY-CRIM 50 105HB,2018-07-01,3,31,8811,16275,20319
42-317-40935,8741,7450,"VENCER ENERGY, LLC",MCMURRY-CRIM 50 105HB,2018-08-01,4,31,7800,21430,18098
42-317-40935,8741,7450,"VENCER ENERGY, LLC",MCMURRY-CRIM 50 105HB,2018-09-01,5,30,5850,18119,13656
42-317-40935,8741,7450,"VENCER ENERGY, LLC",MCMURRY-CRIM 50 105HB,2018-10-01,6,31,5010,10234,11766
42-317-40935,8741,7450,"VENCER ENERGY, LLC",MCMURRY-CRIM 50 105HB,2018-11-01,7,30,3826,6761,9039
42-317-40935,8741,7450,"VENCER ENERGY, LLC",MCMURRY-CRIM 50 105HB,2018-12-01,8,31,3576,11502,8501
42-317-40935,8741,7450,"VENCER ENERGY, LLC",MCMURRY-CRIM 50 105HB,2019-01-01,9,31,2906,11138,6949
42-317-40935,8741,7450,"VENCER ENERGY, LLC",MCMURRY-CRIM 50 105HB,2019-02-01,10,28,1919,9107,4616
42-317-40935,8741,7450,"VENCER ENERGY, LLC",MCMURRY-CRIM 50 105HB,2019-03-01,11,31,2542,8188,6151
42-317-40935,8741,7450,"VENCER ENERGY, LLC",MCMURRY-CRIM 50 105HB,2019-04-01,12,30,2716,10362,6612
42-317-40935,8741,7450,"VENCER ENERGY, LLC",MCMURRY-CRIM 50 105HB,2019-05-01,13,31,2341,7591,5733
42-317-40935,8741,7450,"VENCER ENERGY, LLC",MCMURRY-CRIM 50 105HB,2019-06-01,14,30,2279,9504,5617
42-317-40935,8741,7450,"VENCER ENERGY, LLC",MCMURRY-CRIM 50 105HB,2019-07-01,15,31,1973,8460,4892
42-317-40935,8741,7450,"VENCER ENERGY, LLC",MCMURRY-CRIM 50 105HB,2019-08-01,16,31,2769,12670,6907
42-317-40935,8741,7450,"VENCER ENERGY, LLC",MCMURRY-CRIM 50 105HB,2019-09-01,17,30,2480,13942,6222
42-317-40935,8741,7450,"VENCER ENERGY, LLC",MCMURRY-CRIM 50 105HB,2019-10-01,18,31,2486,13541,6277
42-317-40935,8741,7450,"VENCER ENERGY, LLC",MCMURRY-CRIM 50 105HB,2019-11-01,19,30,2036,12892,5172
42-317-40935,8741,7450,"VENCER ENERGY, LLC",MCMURRY-CRIM 50 105HB,2019-12-01,20,31,1655,11988,4229
42-317-40935,8741,7450,"VENCER ENERGY, LLC",MCMURRY-CRIM 50 105HB,2020-01-01,21,31,1909,14284,4909
42-317-40935,8741,7450,"VENCER ENERGY, LLC",MCMURRY-CRIM 50 105HB,2020-02-01,22,29,1539,13295,3980
42-317-40935,8741,7450,"VENCER ENERGY, LLC",MCMURRY-CRIM 50 105HB,2020-03-01,23,31,1521,13653,3957
42-317-40935,8741,7450,"VENCER ENERGY, LLC",MCMURRY-CRIM 50 105HB,2020-04-01,24,30,1372,16377,3592
42-317-40935,8741,7450,"VENCER ENERGY, LLC",MCMURRY-CRIM 50 105HB,2020-05-01,25,31,1430,14015,3766
42-317-40935,8741,7450,"VENCER ENERGY, LLC",MCMURRY-CRIM 50 105HB,2020-06-01,26,30,1232,13674,3265
42-317-40935,8741,7450,"VENCER ENERGY, LLC",MCMURRY-CRIM 50 105HB,2020-07-01,27,31,1107,14322,2952
42-317-40935,8741,7450,"VENCER ENERGY, LLC",MCMURRY-CRIM 50 105HB,2020-08-01,28,31,1223,13811,3280
42-317-40935,8741,7450,"VENCER ENERGY, LLC",MCMURRY-CRIM 50 105HB,2020-09-01,29,30,1165,12582,3143
42-317-40935,8741,7450,"VENCER ENERGY, LLC",MCMURRY-CRIM 50 105HB,2020-10-01,30,31,1065,11035,2892
42-317-40935,8741,7450,"VENCER ENERGY, LLC",MCMURRY-CRIM 50 105HB,2020-11-01,31,30,951,11228,2598
42-317-40935,8741,7450,"VENCER ENERGY, LLC",MCMURRY-CRIM 50 105HB,2020-12-01,32,31,1052,6098,2891
42-317-40935,8741,7450,"VENCER ENERGY, LLC",MCMURRY-CRIM 50 105HB,2021-01-01,33,31,954,9370,2636
42-317-40935,8741,7450,"VENCER ENERGY, LLC",MCMURRY-CRIM 50 105HB,2021-02-01,34,28,490,7981,1363
42-317-40935,8741,7450,"VENCER ENERGY, LLC",MCMURRY-CRIM 50 105HB,2021-03-01,35,31,924,12803,2586
42-317-40935,8741,7450,"VENCER ENERGY, LLC",MCMURRY-CRIM 50 105HB,2021-04-01,36,30,906,11714,2550
42-317-40935,8741,7450,"VENCER ENERGY, LLC",MCMURRY-CRIM 50 105HB,2021-05-01,37,31,835,12800,2364
42-317-40935,8741,7450,"VENCER ENERGY, LLC",MCMURRY-CRIM 50 105HB,2021-06-01,38,30,781,11401,2223
42-317-40935,8741,7450,"VENCER ENERGY, LLC",MCMURRY-CRIM 50 105HB,2021-07-01,39,31,738,13415,2114
42-317-40935,8741,7450,"VENCER ENERGY, LLC",MCMURRY-CRIM 50 105HB,2021-08-01,40,31,777,14294,2241
42-317-40935,8741,7450,"VENCER ENERGY, LLC",MCMURRY-CRIM 50 105HB,2021-09-01,41,30,673,15871,1951
42-317-40935,8741,7450,"VENCER ENERGY, LLC",MCMURRY-CRIM 50 105HB,2021-10-01,42,31,594,13844,1734
42-317-40935,8741,7450,"VENCER ENERGY, LLC",MCMURRY-CRIM 50 105HB,2021-11-01,43,30,534,12697,1569
42-317-40935,8741,7450,"VENCER ENERGY, LLC",MCMURRY-CRIM 50 105HB,2021-12-01,44,31,514,13079,1519
42-317-40935,8741,7450,"VENCER ENERGY, LLC",MCMURRY-CRIM 50 105HB,2022-01-01,45,31,484,14252,1438
42-317-40935,8741,7450,"VENCER ENERGY, LLC",MCMURRY-CRIM 50 105HB,2022-02-01,46,28,479,12605,1431
42-317-40935,8741,7450,"VENCER ENERGY, LLC",MCMURRY-CRIM 50 105HB,2022-03-01,47,31,547,14907,1644
42-317-40935,8741,7450,"VENCER ENERGY, LLC",MCMURRY-CRIM 50 105HB,2022-04-01,48,30,386,12321,1168
42-317-40935,8741,7450,"VENCER ENERGY, LLC",MCMURRY-CRIM 50 105HB,2022-05-01,49,31,298,15873,908
42-317-40935,8741,7450,"VENCER ENERGY, LLC",MCMURRY-CRIM 50 105HB,2022-06-01,50,30,289,10354,885
42-317-40935,8741,7450,"VENCER ENERGY, LLC",MCMURRY-CRIM 50 105HB,2022-07-01,51,31,288,10091,887
42-317-40935,8741,7450,"VENCER ENERGY, LLC",MCMURRY-CRIM 50 105HB,2022-08-01,52,31,296,10097,919
42-317-40935,8741,7450,"VENCER ENERGY, LLC",MCMURRY-CRIM 50 105HB,2022-09-01,53,30,259,9807,806
42-317-40935,8741,7450,"VENCER ENERGY, LLC",MCMURRY-CRIM 50 105HB,2022-10-01,54,31,352,12826,1103
42-317-40564,8618,7410,"VENCER ENERGY, LLC",MCMURRY-CRIM 20 102HA,2017-04-01,1,30,7885,4369,9905
42-317-40564,8618,7410,"VENCER ENERGY, LLC",MCMURRY-CRIM 20 102HA,2017-05-01,2,31,15483,11610,19571
42-317-40564,8618,7410,"VENCER ENERGY, LLC",MCMURRY-CRIM 20 102HA,2017-06-01,3,30,16030,11605,20410
42-317-40564,8618,7410,"VENCER ENERGY, LLC",MCMURRY-CRIM 20 102HA,2017-07-01,4,31,6758,6457,8667
42-317-40564,8618,7410,"VENCER ENERGY, LLC",MCMURRY-CRIM 20 102HA,2017-08-01,5,31,8980,7445,11602
42-317-40564,8618,7410,"VENCER ENERGY, LLC",MCMURRY-CRIM 20 102HA,2017-09-01,6,30,19742,14930,25692
42-317-40564,8618,7410,"VENCER ENERGY, LLC",MCMURRY-CRIM 20 102HA,2017-10-01,7,31,18590,14483,24369
42-317-40564,8618,7410,"VENCER ENERGY, LLC",MCMURRY-CRIM 20 102HA,2017-11-01,8,30,15965,19485,21081
42-317-40564,8618,7410,"VENCER ENERGY, LLC",MCMURRY-CRIM 20 102HA,2017-12-01,9,31,13109,21821,17436
42-317-40564,8618,7410,"VENCER ENERGY, LLC",MCMURRY-CRIM 20 102HA,2018-01-01,10,31,5957,5828,7982
42-317-40564,8618,7410,"VENCER ENERGY, LLC",MCMURRY-CRIM 20 102HA,2018-02-01,11,28,11662,9019,15736
42-317-40564,8618,7410,"VENCER ENERGY, LLC",MCMURRY-CRIM 20 102HA,2018-03-01,12,31,12266,21684,16668
42-317-40564,8618,7410,"VENCER ENERGY, LLC",MCMURRY-CRIM 20 102HA,2018-04-01,13,30,7834,19917,10724
42-317-40564,8618,7410,"VENCER ENERGY, LLC",MCMURRY-CRIM 20 102HA,2018-05-01,14,31,8803,6184,12138
42-317-40564,8618,7410,"VENCER ENERGY, LLC",MCMURRY-CRIM 20 102HA,2018-06-01,15,30,8011,13676,11125
42-317-40564,8618,7410,"VENCER ENERGY, LLC",MCMURRY-CRIM 20 102HA,2018-07-01,16,31,8383,17468,11727
42-317-40564,8618,7410,"VENCER ENERGY, LLC",MCMURRY-CRIM 20 102HA,2018-08-01,17,31,7036,16197,9916
42-317-40564,8618,7410,"VENCER ENERGY, LLC",MCMURRY-CRIM 20 102HA,2018-09-01,18,30,5688,15443,8074
42-317-40564,8618,7410,"VENCER ENERGY, LLC",MCMURRY-CRIM 20 102HA,2018-10-01,19,31,6311,14725,9025
42-317-40564,8618,7410,"VENCER ENERGY, LLC",MCMURRY-CRIM 20 102HA,2018-11-01,20,30,5378,17451,7747
42-317-40564,8618,7410,"VENCER ENERGY, LLC",MCMURRY-CRIM 20 102HA,2018-12-01,21,31,5362,15926,7779
42-317-40564,8618,7410,"VENCER ENERGY, LLC",MCMURRY-CRIM 20 102HA,2019-01-01,22,31,4711,18608,6886
42-317-40564,8618,7410,"VENCER ENERGY, LLC",MCMURRY-CRIM 20 102HA,2019-02-01,23,28,2912,8036,4287
42-317-40564,8618,7410,"VENCER ENERGY, LLC",MCMURRY-CRIM 20 102HA,2019-03-01,24,31,4283,18746,6348
42-317-40564,8618,7410,"VENCER ENERGY, LLC",MCMURRY-CRIM 20 102HA,2019-04-01,25,30,4157,18490,6207
42-317-40564,8618,7410,"VENCER ENERGY, LLC",MCMURRY-CRIM 20 102HA,2019-05-01,26,31,4050,15260,6090
42-317-40564,8618,7410,"VENCER ENERGY, LLC",MCMURRY-CRIM 20 102HA,2019-06-01,27,30,3278,12136,4966
42-317-40564,8618,7410,"VENCER ENERGY, LLC",MCMURRY-CRIM 20 102HA,2019-07-01,28,31,2766,11749,4220
42-317-40564,8618,7410,"VENCER ENERGY, LLC",MCMURRY-CRIM 20 102HA,2019-08-01,29,31,3473,14783,5339
42-317-40564,8618,7410,"VENCER ENERGY, LLC",MCMURRY-CRIM 20 102HA,2019-09-01,30,30,2799,14080,4333
42-317-40564,8618,7410,"VENCER ENERGY, LLC",MCMURRY-CRIM 20 102HA,2019-10-01,31,31,2932,14118,4572
42-317-40564,8618,7410,"VENCER ENERGY, LLC",MCMURRY-CRIM 20 102HA,2019-11-01,32,30,2372,12359,3727
42-317-40564,8618,7410,"VENCER ENERGY, LLC",MCMURRY-CRIM 20 102HA,2019-12-01,33,31,2551,13390,4036
42-317-40564,8618,7410,"VENCER ENERGY, LLC",MCMURRY-CRIM 20 102HA,2020-01-01,34,31,2275,12862,3626
42-317-40564,8618,7410,"VENCER ENERGY, LLC",MCMURRY-CRIM 20 102HA,2020-02-01,35,29,2278,10927,3658
42-317-40564,8618,7410,"VENCER ENERGY, LLC",MCMURRY-CRIM 20 102HA,2020-03-01,36,31,2193,13357,3546
42-317-40564,8618,7410,"VENCER ENERGY, LLC",MCMURRY-CRIM 20 102HA,2020-04-01,37,30,1863,12672,3035
42-317-40564,8618,7410,"VENCER ENERGY, LLC",MCMURRY-CRIM 20 102HA,2020-05-01,38,31,2011,11287,3300
42-317-40564,8618,7410,"VENCER ENERGY, LLC",MCMURRY-CRIM 20 102HA,2020-06-01,39,30,1927,10912,3185
42-317-40564,8618,7410,"VENCER ENERGY, LLC",MCMURRY-CRIM 20 102HA,2020-07-01,40,31,1485,7497,2472
42-317-40564,8618,7410,"VENCER ENERGY, LLC",MCMURRY-CRIM 20 102HA,2020-08-01,41,31,1426,8311,2391
42-317-40564,8618,7410,"VENCER ENERGY, LLC",MCMURRY-CRIM 20 102HA,2020-09-01,42,30,1462,5905,2470
42-317-40564,8618,7410,"VENCER ENERGY, LLC",MCMURRY-CRIM 20 102HA,2020-10-01,43,31,1603,5967,2727
42-317-40564,8618,7410,"VENCER ENERGY, LLC",MCMURRY-CRIM 20 102HA,2020-11-01,44,30,1538,8155,2636
42-317-40564,8618,7410,"VENCER ENERGY, LLC",MCMURRY-CRIM 20 102HA,2020-12-01,45,31,1240,3902,2140
42-317-40564,8618,7410,"VENCER ENERGY, LLC",MCMURRY-CRIM 20 102HA,2021-01-01,46,31,1441,10301,2506
42-317-40564,8618,7410,"VENCER ENERGY, LLC",MCMURRY-CRIM 20 102HA,2021-02-01,47,28,1243,9965,2177
42-317-40564,8618,7410,"VENCER ENERGY, LLC",MCMURRY-CRIM 20 102HA,2021-03-01,48,31,1196,7564,2110
42-317-40564,8618,7410,"VENCER ENERGY, LLC",MCMURRY-CRIM 20 102HA,2021-04-01,49,30,1134,7007,2014
42-317-40564,8618,7410,"VENCER ENERGY, LLC",MCMURRY-CRIM 20 102HA,2021-05-01,50,31,1515,9506,2711
42-317-40564,8618,7410,"VENCER ENERGY, LLC",MCMURRY-CRIM 20 102HA,2021-06-01,51,30,1178,8306,2123
42-317-40564,8618,7410,"VENCER ENERGY, LLC",MCMURRY-CRIM 20 102HA,2021-07-01,52,31,1171,9305,2127
42-317-40564,8618,7410,"VENCER ENERGY, LLC",MCMURRY-CRIM 20 102HA,2021-08-01,53,31,1219,9619,2230
42-317-40564,8618,7410,"VENCER ENERGY, LLC",MCMURRY-CRIM 20 102HA,2021-09-01,54,30,1080,9339,1990
42-317-40564,8618,7410,"VENCER ENERGY, LLC",MCMURRY-CRIM 20 102HA,2021-10-01,55,31,1239,8750,2300
42-317-40564,8618,7410,"VENCER ENERGY, LLC",MCMURRY-CRIM 20 102HA,2021-11-01,56,30,1052,8098,1968
42-317-40564,8618,7410,"VENCER ENERGY, LLC",MCMURRY-CRIM 20 102HA,2021-12-01,57,31,1066,11680,2008
42-317-40564,8618,7410,"VENCER ENERGY, LLC",MCMURRY-CRIM 20 102HA,2022-01-01,58,31,848,7817,1610
42-317-40564,8618,7410,"VENCER ENERGY, LLC",MCMURRY-CRIM 20 102HA,2022-02-01,59,28,792,7126,1512
42-317-40564,8618,7410,"VENCER ENERGY, LLC",MCMURRY-CRIM 20 102HA,2022-03-01,60,31,889,9943,1710
42-317-40564,8618,7410,"VENCER ENERGY, LLC",MCMURRY-CRIM 20 102HA,2022-04-01,61,30,888,9850,1721
42-317-40564,8618,7410,"VENCER ENERGY, LLC",MCMURRY-CRIM 20 102HA,2022-05-01,62,31,650,9694,1269
42-317-40564,8618,7410,"VENCER ENERGY, LLC",MCMURRY-CRIM 20 102HA,2022-06-01,63,30,679,7637,1336
42-317-40564,8618,7410,"VENCER ENERGY, LLC",MCMURRY-CRIM 20 102HA,2022-07-01,64,31,745,8386,1475
42-317-40564,8618,7410,"VENCER ENERGY, LLC",MCMURRY-CRIM 20 102HA,2022-08-01,65,31,891,9947,1779
42-317-40564,8618,7410,"VENCER ENERGY, LLC",MCMURRY-CRIM 20 102HA,2022-09-01,66,30,761,8342,1529
42-317-40564,8618,7410,"VENCER ENERGY, LLC",MCMURRY-CRIM 20 102HA,2022-10-01,67,31,783,6520,1586
42-317-41796,8602,10354,EXXON,STRAIN 20 UNIT 2 2016AH,2019-11-01,1,30,31860,40500,47456
42-317-41796,8602,10354,EXXON,STRAIN 20 UNIT 2 2016AH,2019-12-01,2,31,21941,30619,32461
42-317-41796,8602,10354,EXXON,STRAIN 20 UNIT 2 2016AH,2020-01-01,3,31,20015,43978,29408
42-317-41796,8602,10354,EXXON,STRAIN 20 UNIT 2 2016AH,2020-02-01,4,29,14270,37628,20826
42-317-41796,8602,10354,EXXON,STRAIN 20 UNIT 2 2016AH,2020-03-01,5,31,14512,46856,21039
42-317-41796,8602,10354,EXXON,STRAIN 20 UNIT 2 2016AH,2020-04-01,6,30,11730,43600,16890
42-317-41796,8602,10354,EXXON,STRAIN 20 UNIT 2 2016AH,2020-05-01,7,31,4848,10762,6934
42-317-41796,8602,10354,EXXON,STRAIN 20 UNIT 2 2016AH,2020-06-01,8,30,12111,37837,17204
42-317-41796,8602,10354,EXXON,STRAIN 20 UNIT 2 2016AH,2020-07-01,9,31,8716,39580,12297
42-317-41796,8602,10354,EXXON,STRAIN 20 UNIT 2 2016AH,2020-08-01,10,31,7610,38951,10663
42-317-41796,8602,10354,EXXON,STRAIN 20 UNIT 2 2016AH,2020-09-01,11,30,6236,32520,8679
42-317-41796,8602,10354,EXXON,STRAIN 20 UNIT 2 2016AH,2020-10-01,12,31,5723,31052,7911
42-317-41796,8602,10354,EXXON,STRAIN 20 UNIT 2 2016AH,2020-11-01,13,30,5073,27625,6965
42-317-41796,8602,10354,EXXON,STRAIN 20 UNIT 2 2016AH,2020-12-01,14,31,4696,27635,6404
42-317-41796,8602,10354,EXXON,STRAIN 20 UNIT 2 2016AH,2021-01-01,15,31,3638,23505,4927
42-317-41796,8602,10354,EXXON,STRAIN 20 UNIT 2 2016AH,2021-02-01,16,28,388,3907,522
42-317-41796,8602,10354,EXXON,STRAIN 20 UNIT 2 2016AH,2021-03-01,17,31,292,2291,390
42-317-41796,8602,10354,EXXON,STRAIN 20 UNIT 2 2016AH,2021-04-01,18,30,1585,6238,2104
42-317-41796,8602,10354,EXXON,STRAIN 20 UNIT 2 2016AH,2021-05-01,19,31,2935,8283,3870
42-317-41796,8602,10354,EXXON,STRAIN 20 UNIT 2 2016AH,2021-06-01,20,30,2930,10128,3838
42-317-41796,8602,10354,EXXON,STRAIN 20 UNIT 2 2016AH,2021-07-01,21,31,4062,12321,5284
42-317-41796,8602,10354,EXXON,STRAIN 20 UNIT 2 2016AH,2021-08-01,22,31,2877,9278,3716
42-317-41796,8602,10354,EXXON,STRAIN 20 UNIT 2 2016AH,2021-09-01,23,30,3945,14248,5062
42-317-41796,8602,10354,EXXON,STRAIN 20 UNIT 2 2016AH,2021-10-01,24,31,3810,15895,4856
42-317-41796,8602,10354,EXXON,STRAIN 20 UNIT 2 2016AH,2021-11-01,25,30,3398,17308,4302
42-317-41796,8602,10354,EXXON,STRAIN 20 UNIT 2 2016AH,2021-12-01,26,31,3641,20806,4578
42-317-41796,8602,10354,EXXON,STRAIN 20 UNIT 2 2016AH,2022-01-01,27,31,2998,18484,3744
42-317-41796,8602,10354,EXXON,STRAIN 20 UNIT 2 2016AH,2022-02-01,28,28,2546,16094,3159
42-317-41796,8602,10354,EXXON,STRAIN 20 UNIT 2 2016AH,2022-03-01,29,31,3005,20566,3703
42-317-41796,8602,10354,EXXON,STRAIN 20 UNIT 2 2016AH,2022-04-01,30,30,2655,20317,3250
42-317-41796,8602,10354,EXXON,STRAIN 20 UNIT 2 2016AH,2022-05-01,31,31,2599,20007,3160
42-317-41796,8602,10354,EXXON,STRAIN 20 UNIT 2 2016AH,2022-06-01,32,30,2629,18682,3175
42-317-41796,8602,10354,EXXON,STRAIN 20 UNIT 2 2016AH,2022-07-01,33,31,2274,19032,2727
42-317-41796,8602,10354,EXXON,STRAIN 20 UNIT 2 2016AH,2022-08-01,34,31,1831,14182,2181
42-317-41796,8602,10354,EXXON,STRAIN 20 UNIT 2 2016AH,2022-09-01,35,30,3353,13050,3967
42-317-41796,8602,10354,EXXON,STRAIN 20 UNIT 2 2016AH,2022-10-01,36,31,2551,14269,2998
42-317-41796,8602,10354,EXXON,STRAIN 20 UNIT 2 2016AH,2022-11-01,37,30,2365,14219,2760
42-317-42640,8395,9794,LARIO OIL & GAS COMPANY,HALSEY 10 202,2020-03-01,1,31,13120,2563,7901
42-317-42640,8395,9794,LARIO OIL & GAS COMPANY,HALSEY 10 202,2020-04-01,2,30,24385,14128,37011
42-317-42640,8395,9794,LARIO OIL & GAS COMPANY,HALSEY 10 202,2020-05-01,3,31,27476,11051,40757
42-317-42640,8395,9794,LARIO OIL & GAS COMPANY,HALSEY 10 202,2020-06-01,4,30,21964,10335,31841
42-317-42640,8395,9794,LARIO OIL & GAS COMPANY,HALSEY 10 202,2020-07-01,5,31,19766,7724,28005
42-317-42640,8395,9794,LARIO OIL & GAS COMPANY,HALSEY 10 202,2020-08-01,6,31,22708,14574,31431
42-317-42640,8395,9794,LARIO OIL & GAS COMPANY,HALSEY 10 202,2020-09-01,7,30,19110,11899,25850
42-317-42640,8395,9794,LARIO OIL & GAS COMPANY,HALSEY 10 202,2020-10-01,8,31,16318,13233,21573
42-317-42640,8395,9794,LARIO OIL & GAS COMPANY,HALSEY 10 202,2020-11-01,9,30,21014,8206,27151
42-317-42640,8395,9794,LARIO OIL & GAS COMPANY,HALSEY 10 202,2020-12-01,10,31,15800,12760,19951
42-317-42640,8395,9794,LARIO OIL & GAS COMPANY,HALSEY 10 202,2021-01-01,11,31,13493,11323,16645
42-317-42640,8395,9794,LARIO OIL & GAS COMPANY,HALSEY 10 202,2021-02-01,12,28,9445,7260,11395
42-317-42640,8395,9794,LARIO OIL & GAS COMPANY,HALSEY 10 202,2021-03-01,13,31,14344,6763,16926
42-317-42640,8395,9794,LARIO OIL & GAS COMPANY,HALSEY 10 202,2021-04-01,14,30,10457,9720,12059
42-317-42640,8395,9794,LARIO OIL & GAS COMPANY,HALSEY 10 202,2021-05-01,15,31,9651,9387,10878
42-317-42640,8395,9794,LARIO OIL & GAS COMPANY,HALSEY 10 202,2021-06-01,16,30,7403,3050,8154
42-317-42640,8395,9794,LARIO OIL & GAS COMPANY,HALSEY 10 202,2021-07-01,17,31,10062,6159,10832
42-317-42640,8395,9794,LARIO OIL & GAS COMPANY,HALSEY 10 202,2021-08-01,18,31,6646,4857,6990
42-317-42640,8395,9794,LARIO OIL & GAS COMPANY,HALSEY 10 202,2021-09-01,19,30,10349,7357,10637
42-317-42640,8395,9794,LARIO OIL & GAS COMPANY,HALSEY 10 202,2021-10-01,20,31,7649,6722,7684
42-317-42640,8395,9794,LARIO OIL & GAS COMPANY,HALSEY 10 202,2021-11-01,21,30,9372,6477,9201
42-317-42640,8395,9794,LARIO OIL & GAS COMPANY,HALSEY 10 202,2021-12-01,22,31,8842,3580,8483
42-317-42640,8395,9794,LARIO OIL & GAS COMPANY,HALSEY 10 202,2022-01-01,23,31,7956,4246,7457
42-317-42640,8395,9794,LARIO OIL & GAS COMPANY,HALSEY 10 202,2022-02-01,24,28,5888,5240,5398
42-317-42640,8395,9794,LARIO OIL & GAS COMPANY,HALSEY 10 202,2022-03-01,25,31,4398,3579,3943
42-317-42640,8395,9794,LARIO OIL & GAS COMPANY,HALSEY 10 202,2022-04-01,26,30,7329,9806,6422
42-317-42640,8395,9794,LARIO OIL & GAS COMPANY,HALSEY 10 202,2022-05-01,27,31,3812,8612,3265
42-317-42640,8395,9794,LARIO OIL & GAS COMPANY,HALSEY 10 202,2022-06-01,28,30,2569,1123,2150
42-317-42640,8395,9794,LARIO OIL & GAS COMPANY,HALSEY 10 202,2022-07-01,29,31,5739,2410,4694
42-317-42640,8395,9794,LARIO OIL & GAS COMPANY,HALSEY 10 202,2022-08-01,30,31,8057,4902,6438
42-317-42640,8395,9794,LARIO OIL & GAS COMPANY,HALSEY 10 202,2022-09-01,31,30,7517,2452,5870
42-317-43698,8505,9975,LARIO OIL & GAS COMPANY,DOOLITTLE 13 302,2022-01-01,1,31,11598,7738,12158
42-317-43698,8505,9975,LARIO OIL & GAS COMPANY,DOOLITTLE 13 302,2022-02-01,2,28,16180,11935,35222
42-317-43698,8505,9975,LARIO OIL & GAS COMPANY,DOOLITTLE 13 302,2022-03-01,3,31,13095,15728,28690
42-317-43698,8505,9975,LARIO OIL & GAS COMPANY,DOOLITTLE 13 302,2022-04-01,4,30,7932,7378,17494
42-317-43698,8505,9975,LARIO OIL & GAS COMPANY,DOOLITTLE 13 302,2022-05-01,5,31,5309,3666,11787
42-317-43698,8505,9975,LARIO OIL & GAS COMPANY,DOOLITTLE 13 302,2022-06-01,6,30,6096,3672,13624
42-317-43698,8505,9975,LARIO OIL & GAS COMPANY,DOOLITTLE 13 302,2022-07-01,7,31,7340,4717,16513
42-317-43698,8505,9975,LARIO OIL & GAS COMPANY,DOOLITTLE 13 302,2022-08-01,8,31,7203,259,16314
42-317-43698,8505,9975,LARIO OIL & GAS COMPANY,DOOLITTLE 13 302,2022-09-01,9,30,5498,6,12535
42-317-41633,8676,10070,"VENCER ENERGY, LLC",TEXACO 41-MCMURRY B 10 101HB,2019-03-01,1,31,14934,12192,21252
42-317-41633,8676,10070,"VENCER ENERGY, LLC",TEXACO 41-MCMURRY B 10 101HB,2019-04-01,2,30,21509,19092,61448
42-317-41633,8676,10070,"VENCER ENERGY, LLC",TEXACO 41-MCMURRY B 10 101HB,2019-05-01,3,31,16905,22371,50533
42-317-41633,8676,10070,"VENCER ENERGY, LLC",TEXACO 41-MCMURRY B 10 101HB,2019-06-01,4,30,12840,24883,40161
42-317-41633,8676,10070,"VENCER ENERGY, LLC",TEXACO 41-MCMURRY B 10 101HB,2019-07-01,5,31,9524,23514,31171
42-317-41633,8676,10070,"VENCER ENERGY, LLC",TEXACO 41-MCMURRY B 10 101HB,2019-08-01,6,31,8719,23815,29880
42-317-41633,8676,10070,"VENCER ENERGY, LLC",TEXACO 41-MCMURRY B 10 101HB,2019-09-01,7,30,7369,21903,26426
42-317-41633,8676,10070,"VENCER ENERGY, LLC",TEXACO 41-MCMURRY B 10 101HB,2019-10-01,8,31,6397,25063,24001
42-317-41633,8676,10070,"VENCER ENERGY, LLC",TEXACO 41-MCMURRY B 10 101HB,2019-11-01,9,30,5842,20668,22935
42-317-41633,8676,10070,"VENCER ENERGY, LLC",TEXACO 41-MCMURRY B 10 101HB,2019-12-01,10,31,5579,15991,22917
42-317-41633,8676,10070,"VENCER ENERGY, LLC",TEXACO 41-MCMURRY B 10 101HB,2020-01-01,11,31,3652,18310,15708
42-317-41633,8676,10070,"VENCER ENERGY, LLC",TEXACO 41-MCMURRY B 10 101HB,2020-02-01,12,29,2974,17953,13378
42-317-41633,8676,10070,"VENCER ENERGY, LLC",TEXACO 41-MCMURRY B 10 101HB,2020-03-01,13,31,2012,12935,9460
42-317-41633,8676,10070,"VENCER ENERGY, LLC",TEXACO 41-MCMURRY B 10 101HB,2020-04-01,14,30,810,9600,3987
42-317-41633,8676,10070,"VENCER ENERGY, LLC",TEXACO 41-MCMURRY B 10 101HB,2020-05-01,15,31,3462,16086,17823
42-317-41633,8676,10070,"VENCER ENERGY, LLC",TEXACO 41-MCMURRY B 10 101HB,2020-06-01,16,30,3013,16549,16229
42-317-41633,8676,10070,"VENCER ENERGY, LLC",TEXACO 41-MCMURRY B 10 101HB,2020-07-01,17,31,2610,17745,14711
42-317-41633,8676,10070,"VENCER ENERGY, LLC",TEXACO 41-MCMURRY B 10 101HB,2020-08-01,18,31,2515,18735,14843
42-317-41633,8676,10070,"VENCER ENERGY, LLC",TEXACO 41-MCMURRY B 10 101HB,2020-09-01,19,30,2116,17021,13070
42-317-41633,8676,10070,"VENCER ENERGY, LLC",TEXACO 41-MCMURRY B 10 101HB,2020-10-01,20,31,2066,18383,13349
42-317-41633,8676,10070,"VENCER ENERGY, LLC",TEXACO 41-MCMURRY B 10 101HB,2020-11-01,21,30,1530,17011,10346
42-317-41633,8676,10070,"VENCER ENERGY, LLC",TEXACO 41-MCMURRY B 10 101HB,2020-12-01,22,31,1438,11348,10177
42-317-41633,8676,10070,"VENCER ENERGY, LLC",TEXACO 41-MCMURRY B 10 101HB,2021-01-01,23,31,1503,14816,11137
42-317-41633,8676,10070,"VENCER ENERGY, LLC",TEXACO 41-MCMURRY B 10 101HB,2021-02-01,24,28,994,8657,7692
42-317-41633,8676,10070,"VENCER ENERGY, LLC",TEXACO 41-MCMURRY B 10 101HB,2021-03-01,25,31,1437,14189,11623
42-317-41633,8676,10070,"VENCER ENERGY, LLC",TEXACO 41-MCMURRY B 10 101HB,2021-04-01,26,30,1295,15462,10954
42-317-41633,8676,10070,"VENCER ENERGY, LLC",TEXACO 41-MCMURRY B 10 101HB,2021-05-01,27,31,1071,14110,9481
42-317-41633,8676,10070,"VENCER ENERGY, LLC",TEXACO 41-MCMURRY B 10 101HB,2021-06-01,28,30,921,13014,8535
42-317-41633,8676,10070,"VENCER ENERGY, LLC",TEXACO 41-MCMURRY B 10 101HB,2021-07-01,29,31,880,14265,8530
42-317-41633,8676,10070,"VENCER ENERGY, LLC",TEXACO 41-MCMURRY B 10 101HB,2021-08-01,30,31,1057,16965,10732
42-317-41633,8676,10070,"VENCER ENERGY, LLC",TEXACO 41-MCMURRY B 10 101HB,2021-09-01,31,30,856,17727,9089
42-317-41633,8676,10070,"VENCER ENERGY, LLC",TEXACO 41-MCMURRY B 10 101HB,2021-10-01,32,31,760,17777,8449
42-317-41633,8676,10070,"VENCER ENERGY, LLC",TEXACO 41-MCMURRY B 10 101HB,2021-11-01,33,30,638,14881,7424
42-317-41633,8676,10070,"VENCER ENERGY, LLC",TEXACO 41-MCMURRY B 10 101HB,2021-12-01,34,31,655,14993,7975
42-317-41633,8676,10070,"VENCER ENERGY, LLC",TEXACO 41-MCMURRY B 10 101HB,2022-01-01,35,31,661,14498,8427
42-317-41633,8676,10070,"VENCER ENERGY, LLC",TEXACO 41-MCMURRY B 10 101HB,2022-02-01,36,28,480,13078,6394
42-317-41633,8676,10070,"VENCER ENERGY, LLC",TEXACO 41-MCMURRY B 10 101HB,2022-03-01,37,31,418,13481,5818
42-317-41633,8676,10070,"VENCER ENERGY, LLC",TEXACO 41-MCMURRY B 10 101HB,2022-04-01,38,30,403,14463,5869
42-317-41633,8676,10070,"VENCER ENERGY, LLC",TEXACO 41-MCMURRY B 10 101HB,2022-05-01,39,31,0,24,7
42-317-41633,8676,10070,"VENCER ENERGY, LLC",TEXACO 41-MCMURRY B 10 101HB,2022-06-01,40,30,47,4072,754
42-317-41633,8676,10070,"VENCER ENERGY, LLC",TEXACO 41-MCMURRY B 10 101HB,2022-07-01,41,31,129,3426,2143
42-317-41633,8676,10070,"VENCER ENERGY, LLC",TEXACO 41-MCMURRY B 10 101HB,2022-08-01,42,31,157,1262,2743
42-317-41633,8676,10070,"VENCER ENERGY, LLC",TEXACO 41-MCMURRY B 10 101HB,2022-09-01,43,30,210,2277,3843
42-317-41633,8676,10070,"VENCER ENERGY, LLC",TEXACO 41-MCMURRY B 10 101HB,2022-10-01,44,31,231,3888,4409
42-317-41633,8676,10070,"VENCER ENERGY, LLC",TEXACO 41-MCMURRY B 10 101HB,2022-11-01,45,30,132,2942,2648
42-317-41755,8528,10294,CHEVRON,VLT RUGER MAGNUM UNIT 0023WA,2019-06-01,1,30,3978,2727,14435
42-317-41755,8528,10294,CHEVRON,VLT RUGER MAGNUM UNIT 0023WA,2019-07-01,2,31,28608,16262,38904
42-317-41755,8528,10294,CHEVRON,VLT RUGER MAGNUM UNIT 0023WA,2019-08-01,3,31,14976,15828,19469
42-317-41755,8528,10294,CHEVRON,VLT RUGER MAGNUM UNIT 0023WA,2019-09-01,4,30,21338,11970,27137
42-317-41755,8528,10294,CHEVRON,VLT RUGER MAGNUM UNIT 0023WA,2019-10-01,5,31,20682,15548,25731
42-317-41755,8528,10294,CHEVRON,VLT RUGER MAGNUM UNIT 0023WA,2019-11-01,6,30,17681,5017,21520
42-317-41755,8528,10294,CHEVRON,VLT RUGER MAGNUM UNIT 0023WA,2019-12-01,7,31,17882,7054,21292
42-317-41755,8528,10294,CHEVRON,VLT RUGER MAGNUM UNIT 0023WA,2020-01-01,8,31,17621,3611,20518
42-317-41755,8528,10294,CHEVRON,VLT RUGER MAGNUM UNIT 0023WA,2020-02-01,9,29,13614,3017,15513
42-317-41755,8528,10294,CHEVRON,VLT RUGER MAGNUM UNIT 0023WA,2020-03-01,10,31,15350,7712,17117
42-317-41755,8528,10294,CHEVRON,VLT RUGER MAGNUM UNIT 0023WA,2020-04-01,11,30,12624,9777,13772
42-317-41755,8528,10294,CHEVRON,VLT RUGER MAGNUM UNIT 0023WA,2020-05-01,12,31,8575,2084,9151
42-317-41755,8528,10294,CHEVRON,VLT RUGER MAGNUM UNIT 0023WA,2020-06-01,13,30,13107,11157,13684
42-317-41755,8528,10294,CHEVRON,VLT RUGER MAGNUM UNIT 0023WA,2020-07-01,14,31,14661,16489,14974
42-317-41755,8528,10294,CHEVRON,VLT RUGER MAGNUM UNIT 0023WA,2020-08-01,15,31,13645,9276,13628
42-317-41755,8528,10294,CHEVRON,VLT RUGER MAGNUM UNIT 0023WA,2020-09-01,16,30,14088,4149,13765
42-317-41755,8528,10294,CHEVRON,VLT RUGER MAGNUM UNIT 0023WA,2020-10-01,17,31,13338,5336,12749
42-317-41755,8528,10294,CHEVRON,VLT RUGER MAGNUM UNIT 0023WA,2020-11-01,18,30,8943,5163,8362
42-317-41755,8528,10294,CHEVRON,VLT RUGER MAGNUM UNIT 0023WA,2020-12-01,19,31,8883,5375,8126
42-317-41755,8528,10294,CHEVRON,VLT RUGER MAGNUM UNIT 0023WA,2021-01-01,20,31,10865,6132,9720
42-317-41755,8528,10294,CHEVRON,VLT RUGER MAGNUM UNIT 0023WA,2021-02-01,21,28,6533,2824,5721
42-317-41755,8528,10294,CHEVRON,VLT RUGER MAGNUM UNIT 0023WA,2021-03-01,22,31,11206,5619,9608
42-317-41755,8528,10294,CHEVRON,VLT RUGER MAGNUM UNIT 0023WA,2021-04-01,23,30,10973,6311,9203
42-317-41755,8528,10294,CHEVRON,VLT RUGER MAGNUM UNIT 0023WA,2021-05-01,24,31,10851,3950,8903
42-317-41755,8528,10294,CHEVRON,VLT RUGER MAGNUM UNIT 0023WA,2021-06-01,25,30,9784,4442,7853
42-317-41755,8528,10294,CHEVRON,VLT RUGER MAGNUM UNIT 0023WA,2021-07-01,26,31,10038,14257,7882
42-317-41755,8528,10294,CHEVRON,VLT RUGER MAGNUM UNIT 0023WA,2021-08-01,27,31,9760,11920,7495
42-317-41755,8528,10294,CHEVRON,VLT RUGER MAGNUM UNIT 0023WA,2021-09-01,28,30,8619,13114,6475
42-317-41755,8528,10294,CHEVRON,VLT RUGER MAGNUM UNIT 0023WA,2021-10-01,29,31,8272,12579,6079
42-317-41755,8528,10294,CHEVRON,VLT RUGER MAGNUM UNIT 0023WA,2021-11-01,30,30,7645,15023,5496
42-317-41755,8528,10294,CHEVRON,VLT RUGER MAGNUM UNIT 0023WA,2021-12-01,31,31,8318,15554,5850
42-317-41755,8528,10294,CHEVRON,VLT RUGER MAGNUM UNIT 0023WA,2022-01-01,32,31,8132,15238,5593
42-317-41755,8528,10294,CHEVRON,VLT RUGER MAGNUM UNIT 0023WA,2022-02-01,33,28,6713,13732,4520
42-317-41755,8528,10294,CHEVRON,VLT RUGER MAGNUM UNIT 0023WA,2022-03-01,34,31,5984,11775,3944
42-317-41755,8528,10294,CHEVRON,VLT RUGER MAGNUM UNIT 0023WA,2022-04-01,35,30,7199,15075,4642
42-317-41755,8528,10294,CHEVRON,VLT RUGER MAGNUM UNIT 0023WA,2022-05-01,36,31,5838,10598,3683
42-317-41755,8528,10294,CHEVRON,VLT RUGER MAGNUM UNIT 0023WA,2022-06-01,37,30,5441,8687,3358
42-317-41755,8528,10294,CHEVRON,VLT RUGER MAGNUM UNIT 0023WA,2022-07-01,38,31,6271,11076,3786
42-317-41755,8528,10294,CHEVRON,VLT RUGER MAGNUM UNIT 0023WA,2022-08-01,39,31,6164,12572,3639
42-317-41755,8528,10294,CHEVRON,VLT RUGER MAGNUM UNIT 0023WA,2022-09-01,40,30,6020,11528,3477
42-317-41755,8528,10294,CHEVRON,VLT RUGER MAGNUM UNIT 0023WA,2022-10-01,41,31,5157,9760,2914
42-317-42467,8522,10357,EXXON,DARK STAR UNIT 1 2114AH,2021-05-01,1,31,956,869,1834
42-317-42467,8522,10357,EXXON,DARK STAR UNIT 1 2114AH,2021-06-01,2,30,22254,19900,42752
42-317-42467,8522,10357,EXXON,DARK STAR UNIT 1 2114AH,2021-07-01,3,31,22435,24109,43187
42-317-42467,8522,10357,EXXON,DARK STAR UNIT 1 2114AH,2021-08-01,4,31,14897,22706,28734
42-317-42467,8522,10357,EXXON,DARK STAR UNIT 1 2114AH,2021-09-01,5,30,11918,26582,23035
42-317-42467,8522,10357,EXXON,DARK STAR UNIT 1 2114AH,2021-10-01,6,31,10096,28678,19551
42-317-42467,8522,10357,EXXON,DARK STAR UNIT 1 2114AH,2021-11-01,7,30,8077,26829,15673
42-317-42467,8522,10357,EXXON,DARK STAR UNIT 1 2114AH,2021-12-01,8,31,7713,28453,14997
42-317-42467,8522,10357,EXXON,DARK STAR UNIT 1 2114AH,2022-01-01,9,31,5588,22145,10887
42-317-42467,8522,10357,EXXON,DARK STAR UNIT 1 2114AH,2022-02-01,10,28,4430,16888,8648
42-317-42467,8522,10357,EXXON,DARK STAR UNIT 1 2114AH,2022-03-01,11,31,4593,20433,8983
42-317-42467,8522,10357,EXXON,DARK STAR UNIT 1 2114AH,2022-04-01,12,30,3238,17132,6347
42-317-42467,8522,10357,EXXON,DARK STAR UNIT 1 2114AH,2022-05-01,13,31,3352,18105,6582
42-317-42467,8522,10357,EXXON,DARK STAR UNIT 1 2114AH,2022-06-01,14,30,3026,17106,5953
42-317-42467,8522,10357,EXXON,DARK STAR UNIT 1 2114AH,2022-07-01,15,31,3309,19704,6523
42-317-42467,8522,10357,EXXON,DARK STAR UNIT 1 2114AH,2022-08-01,16,31,2559,15515,5055
42-317-42467,8522,10357,EXXON,DARK STAR UNIT 1 2114AH,2022-09-01,17,30,2939,17437,5818
42-317-42467,8522,10357,EXXON,DARK STAR UNIT 1 2114AH,2022-10-01,18,31,2813,17418,5580
42-317-42467,8522,10357,EXXON,DARK STAR UNIT 1 2114AH,2022-11-01,19,30,2371,17838,4712
42-317-40605,8597,7410,"VENCER ENERGY, LLC",MCMURRY-CRIM 40 104HA,2017-09-01,1,30,12423,9625,20749
42-317-40605,8597,7410,"VENCER ENERGY, LLC",MCMURRY-CRIM 40 104HA,2017-10-01,2,31,28389,22171,47509
42-317-40605,8597,7410,"VENCER ENERGY, LLC",MCMURRY-CRIM 40 104HA,2017-11-01,3,30,19906,12915,33470
42-317-40605,8597,7410,"VENCER ENERGY, LLC",MCMURRY-CRIM 40 104HA,2017-12-01,4,31,16282,15529,27506
42-317-40605,8597,7410,"VENCER ENERGY, LLC",MCMURRY-CRIM 40 104HA,2018-01-01,5,31,12146,6957,20618
42-317-40605,8597,7410,"VENCER ENERGY, LLC",MCMURRY-CRIM 40 104HA,2018-02-01,6,28,14067,13357,23988
42-317-40605,8597,7410,"VENCER ENERGY, LLC",MCMURRY-CRIM 40 104HA,2018-03-01,7,31,13940,15180,23881
42-317-40605,8597,7410,"VENCER ENERGY, LLC",MCMURRY-CRIM 40 104HA,2018-04-01,8,30,3739,3780,6435
42-317-40605,8597,7410,"VENCER ENERGY, LLC",MCMURRY-CRIM 40 104HA,2018-05-01,9,31,3580,1854,6191
42-317-40605,8597,7410,"VENCER ENERGY, LLC",MCMURRY-CRIM 40 104HA,2018-06-01,10,30,7285,5188,12658
42-317-40605,8597,7410,"VENCER ENERGY, LLC",MCMURRY-CRIM 40 104HA,2018-07-01,11,31,8950,5156,15625
42-317-40605,8597,7410,"VENCER ENERGY, LLC",MCMURRY-CRIM 40 104HA,2018-08-01,12,31,8641,6784,15159
42-317-40605,8597,7410,"VENCER ENERGY, LLC",MCMURRY-CRIM 40 104HA,2018-09-01,13,30,9782,11926,17241
42-317-40605,8597,7410,"VENCER ENERGY, LLC",MCMURRY-CRIM 40 104HA,2018-10-01,14,31,10309,11304,18256
42-317-40605,8597,7410,"VENCER ENERGY, LLC",MCMURRY-CRIM 40 104HA,2018-11-01,15,30,7457,9861,13269
42-317-40605,8597,7410,"VENCER ENERGY, LLC",MCMURRY-CRIM 40 104HA,2018-12-01,16,31,9597,15629,17156
42-317-40605,8597,7410,"VENCER ENERGY, LLC",MCMURRY-CRIM 40 104HA,2019-01-01,17,31,9083,13717,16315
42-317-40605,8597,7410,"VENCER ENERGY, LLC",MCMURRY-CRIM 40 104HA,2019-02-01,18,28,6078,13251,10968
42-317-40605,8597,7410,"VENCER ENERGY, LLC",MCMURRY-CRIM 40 104HA,2019-03-01,19,31,7166,15799,12990
42-317-40605,8597,7410,"VENCER ENERGY, LLC",MCMURRY-CRIM 40 104HA,2019-04-01,20,30,6994,16913,12738
42-317-40605,8597,7410,"VENCER ENERGY, LLC",MCMURRY-CRIM 40 104HA,2019-05-01,21,31,6001,15633,10981
42-317-40605,8597,7410,"VENCER ENERGY, LLC",MCMURRY-CRIM 40 104HA,2019-06-01,22,30,4674,10820,8593
42-317-40605,8597,7410,"VENCER ENERGY, LLC",MCMURRY-CRIM 40 104HA,2019-07-01,23,31,5755,16240,10632
42-317-40605,8597,7410,"VENCER ENERGY, LLC",MCMURRY-CRIM 40 104HA,2019-08-01,24,31,5585,15894,10368
42-317-40605,8597,7410,"VENCER ENERGY, LLC",MCMURRY-CRIM 40 104HA,2019-09-01,25,30,4143,13214,7728
42-317-40605,8597,7410,"VENCER ENERGY, LLC",MCMURRY-CRIM 40 104HA,2019-10-01,26,31,3282,11933,6149
42-317-40605,8597,7410,"VENCER ENERGY, LLC",MCMURRY-CRIM 40 104HA,2019-11-01,27,30,2091,9840,3937
42-317-40605,8597,7410,"VENCER ENERGY, LLC",MCMURRY-CRIM 40 104HA,2019-12-01,28,31,4720,15724,8929
42-317-40605,8597,7410,"VENCER ENERGY, LLC",MCMURRY-CRIM 40 104HA,2020-01-01,29,31,3788,16952,7201
42-317-40605,8597,7410,"VENCER ENERGY, LLC",MCMURRY-CRIM 40 104HA,2020-02-01,30,29,2706,12899,5168
42-317-40605,8597,7410,"VENCER ENERGY, LLC",MCMURRY-CRIM 40 104HA,2020-03-01,31,31,2907,15054,5576
42-317-40605,8597,7410,"VENCER ENERGY, LLC",MCMURRY-CRIM 40 104HA,2020-04-01,32,30,2944,14230,5676
42-317-40605,8597,7410,"VENCER ENERGY, LLC",MCMURRY-CRIM 40 104HA,2020-05-01,33,31,2728,14814,5284
42-317-40605,8597,7410,"VENCER ENERGY, LLC",MCMURRY-CRIM 40 104HA,2020-06-01,34,30,2559,14165,4981
42-317-40605,8597,7410,"VENCER ENERGY, LLC",MCMURRY-CRIM 40 104HA,2020-07-01,35,31,2025,14744,3959
42-317-40605,8597,7410,"VENCER ENERGY, LLC",MCMURRY-CRIM 40 104HA,2020-08-01,36,31,2165,12190,4254
42-317-40605,8597,7410,"VENCER ENERGY, LLC",MCMURRY-CRIM 40 104HA,2020-09-01,37,30,1965,11829,3878
42-317-40605,8597,7410,"VENCER ENERGY, LLC",MCMURRY-CRIM 40 104HA,2020-10-01,38,31,2306,11798,4573
42-317-40605,8597,7410,"VENCER ENERGY, LLC",MCMURRY-CRIM 40 104HA,2020-11-01,39,30,1983,11044,3952
42-317-40605,8597,7410,"VENCER ENERGY, LLC",MCMURRY-CRIM 40 104HA,2020-12-01,40,31,1560,4827,3123
42-317-40605,8597,7410,"VENCER ENERGY, LLC",MCMURRY-CRIM 40 104HA,2021-01-01,41,31,1497,8119,3012
42-317-40605,8597,7410,"VENCER ENERGY, LLC",MCMURRY-CRIM 40 104HA,2021-02-01,42,28,689,5002,1392
42-317-40605,8597,7410,"VENCER ENERGY, LLC",MCMURRY-CRIM 40 104HA,2021-03-01,43,31,1856,8518,3768
42-317-40605,8597,7410,"VENCER ENERGY, LLC",MCMURRY-CRIM 40 104HA,2021-04-01,44,30,1742,10332,3552
42-317-40605,8597,7410,"VENCER ENERGY, LLC",MCMURRY-CRIM 40 104HA,2021-05-01,45,31,1619,11000,3317
42-317-40605,8597,7410,"VENCER ENERGY, LLC",MCMURRY-CRIM 40 104HA,2021-06-01,46,30,1649,11122,3396
42-317-40605,8597,7410,"VENCER ENERGY, LLC",MCMURRY-CRIM 40 104HA,2021-07-01,47,31,1353,10901,2799
42-317-40605,8597,7410,"VENCER ENERGY, LLC",MCMURRY-CRIM 40 104HA,2021-08-01,48,31,1161,9487,2413
42-317-40605,8597,7410,"VENCER ENERGY, LLC",MCMURRY-CRIM 40 104HA,2021-09-01,49,30,1187,8748,2480
42-317-40605,8597,7410,"VENCER ENERGY, LLC",MCMURRY-CRIM 40 104HA,2021-10-01,50,31,1311,10070,2751
42-317-40605,8597,7410,"VENCER ENERGY, LLC",MCMURRY-CRIM 40 104HA,2021-11-01,51,30,1273,9779,2684
42-317-40605,8597,7410,"VENCER ENERGY, LLC",MCMURRY-CRIM 40 104HA,2021-12-01,52,31,1142,10758,2419
42-317-40605,8597,7410,"VENCER ENERGY, LLC",MCMURRY-CRIM 40 104HA,2022-01-01,53,31,842,9976,1793
42-317-40605,8597,7410,"VENCER ENERGY, LLC",MCMURRY-CRIM 40 104HA,2022-02-01,54,28,823,7205,1760
42-317-40605,8597,7410,"VENCER ENERGY, LLC",MCMURRY-CRIM 40 104HA,2022-03-01,55,31,945,8244,2030
42-317-40605,8597,7410,"VENCER ENERGY, LLC",MCMURRY-CRIM 40 104HA,2022-04-01,56,30,1046,9981,2257
42-317-40605,8597,7410,"VENCER ENERGY, LLC",MCMURRY-CRIM 40 104HA,2022-05-01,57,31,819,9821,1776
42-317-40605,8597,7410,"VENCER ENERGY, LLC",MCMURRY-CRIM 40 104HA,2022-06-01,58,30,781,8641,1701
42-317-40605,8597,7410,"VENCER ENERGY, LLC",MCMURRY-CRIM 40 104HA,2022-07-01,59,31,739,8727,1619
42-317-40605,8597,7410,"VENCER ENERGY, LLC",MCMURRY-CRIM 40 104HA,2022-08-01,60,31,847,12165,1864
42-317-40605,8597,7410,"VENCER ENERGY, LLC",MCMURRY-CRIM 40 104HA,2022-09-01,61,30,820,10610,1812
42-317-40605,8597,7410,"VENCER ENERGY, LLC",MCMURRY-CRIM 40 104HA,2022-10-01,62,31,950,11933,2110
42-317-41011,8747,7699,PIONEER,STRAIN RANCH 24-25 4215H,2018-05-01,1,31,24329,23650,30323
42-317-41011,8747,7699,PIONEER,STRAIN RANCH 24-25 4215H,2018-06-01,2,30,23177,21694,28242
42-317-41011,8747,7699,PIONEER,STRAIN RANCH 24-25 4215H,2018-07-01,3,31,20602,18033,26832
42-317-41011,8747,7699,PIONEER,STRAIN RANCH 24-25 4215H,2018-08-01,4,31,18770,20049,26158
42-317-41011,8747,7699,PIONEER,STRAIN RANCH 24-25 4215H,2018-09-01,5,30,17101,22958,25474
42-317-41011,8747,7699,PIONEER,STRAIN RANCH 24-25 4215H,2018-10-01,6,31,14772,21587,23519
42-317-41011,8747,7699,PIONEER,STRAIN RANCH 24-25 4215H,2018-11-01,7,30,12997,20302,22119
42-317-41011,8747,7699,PIONEER,STRAIN RANCH 24-25 4215H,2018-12-01,8,31,8643,20631,15721
42-317-41011,8747,7699,PIONEER,STRAIN RANCH 24-25 4215H,2019-01-01,9,31,7769,20315,15120
42-317-41011,8747,7699,PIONEER,STRAIN RANCH 24-25 4215H,2019-02-01,10,28,6326,19984,13132
42-317-41011,8747,7699,PIONEER,STRAIN RANCH 24-25 4215H,2019-03-01,11,31,6241,21399,13816
42-317-41011,8747,7699,PIONEER,STRAIN RANCH 24-25 4215H,2019-04-01,12,30,5390,20434,12755
42-317-41011,8747,7699,PIONEER,STRAIN RANCH 24-25 4215H,2019-05-01,13,31,5065,19510,12812
42-317-41011,8747,7699,PIONEER,STRAIN RANCH 24-25 4215H,2019-06-01,14,30,4360,18288,11788
42-317-41011,8747,7699,PIONEER,STRAIN RANCH 24-25 4215H,2019-07-01,15,31,4018,17561,11612
42-317-41011,8747,7699,PIONEER,STRAIN RANCH 24-25 4215H,2019-08-01,16,31,3463,14584,10709
42-317-41011,8747,7699,PIONEER,STRAIN RANCH 24-25 4215H,2019-09-01,17,30,3609,14543,11927
42-317-41011,8747,7699,PIONEER,STRAIN RANCH 24-25 4215H,2019-10-01,18,31,3727,17514,13165
42-317-41011,8747,7699,PIONEER,STRAIN RANCH 24-25 4215H,2019-11-01,19,30,3371,17398,12730
42-317-41011,8747,7699,PIONEER,STRAIN RANCH 24-25 4215H,2019-12-01,20,31,3097,18675,12497
42-317-41011,8747,7699,PIONEER,STRAIN RANCH 24-25 4215H,2020-01-01,21,31,2850,18299,12306
42-317-41011,8747,7699,PIONEER,STRAIN RANCH 24-25 4215H,2020-02-01,22,29,2037,13921,9391
42-317-41011,8747,7699,PIONEER,STRAIN RANCH 24-25 4215H,2020-03-01,23,31,2488,17092,12247
42-317-41011,8747,7699,PIONEER,STRAIN RANCH 24-25 4215H,2020-04-01,24,30,2203,18175,11593
42-317-41011,8747,7699,PIONEER,STRAIN RANCH 24-25 4215H,2020-05-01,25,31,2046,19589,11508
42-317-41011,8747,7699,PIONEER,STRAIN RANCH 24-25 4215H,2020-06-01,26,30,1767,18183,10624
42-317-41011,8747,7699,PIONEER,STRAIN RANCH 24-25 4215H,2020-07-01,27,31,1686,19479,10836
42-317-41011,8747,7699,PIONEER,STRAIN RANCH 24-25 4215H,2020-08-01,28,31,1526,19640,10494
42-317-41011,8747,7699,PIONEER,STRAIN RANCH 24-25 4215H,2020-09-01,29,30,1338,18407,9835
42-317-41011,8747,7699,PIONEER,STRAIN RANCH 24-25 4215H,2020-10-01,30,31,1298,18159,10194
42-317-41011,8747,7699,PIONEER,STRAIN RANCH 24-25 4215H,2020-11-01,31,30,1226,17191,10294
42-317-41011,8747,7699,PIONEER,STRAIN RANCH 24-25 4215H,2020-12-01,32,31,1126,12572,10100
42-317-41011,8747,7699,PIONEER,STRAIN RANCH 24-25 4215H,2021-01-01,33,31,1025,18265,9842
42-317-41011,8747,7699,PIONEER,STRAIN RANCH 24-25 4215H,2021-02-01,34,28,550,9315,5631
42-317-41011,8747,7699,PIONEER,STRAIN RANCH 24-25 4215H,2021-03-01,35,31,1016,19615,11097
42-317-41011,8747,7699,PIONEER,STRAIN RANCH 24-25 4215H,2021-04-01,36,30,822,17151,9600
42-317-41011,8747,7699,PIONEER,STRAIN RANCH 24-25 4215H,2021-05-01,37,31,767,19252,9564
42-317-41011,8747,7699,PIONEER,STRAIN RANCH 24-25 4215H,2021-06-01,38,30,475,12805,6338
42-317-41011,8747,7699,PIONEER,STRAIN RANCH 24-25 4215H,2021-07-01,39,31,63,257,898
42-317-41011,8747,7699,PIONEER,STRAIN RANCH 24-25 4215H,2021-08-01,40,31,601,4936,9169
42-317-41011,8747,7699,PIONEER,STRAIN RANCH 24-25 4215H,2021-09-01,41,30,445,1928,7260
42-317-41011,8747,7699,PIONEER,STRAIN RANCH 24-25 4215H,2021-10-01,42,31,446,5703,7765
42-317-41011,8747,7699,PIONEER,STRAIN RANCH 24-25 4215H,2021-11-01,43,30,428,5639,7980
42-317-41011,8747,7699,PIONEER,STRAIN RANCH 24-25 4215H,2021-12-01,44,31,295,6083,5863
42-317-41011,8747,7699,PIONEER,STRAIN RANCH 24-25 4215H,2022-01-01,45,31,285,5061,6075
42-317-41011,8747,7699,PIONEER,STRAIN RANCH 24-25 4215H,2022-02-01,46,28,238,5321,5399
42-317-41011,8747,7699,PIONEER,STRAIN RANCH 24-25 4215H,2022-03-01,47,31,5,283,117
42-317-41011,8747,7699,PIONEER,STRAIN RANCH 24-25 4215H,2022-04-01,48,30,148,1329,3827
42-317-41011,8747,7699,PIONEER,STRAIN RANCH 24-25 4215H,2022-05-01,49,31,3,939,71
42-317-41011,8747,7699,PIONEER,STRAIN RANCH 24-25 4215H,2022-06-01,50,30,239,4554,6943
42-317-41011,8747,7699,PIONEER,STRAIN RANCH 24-25 4215H,2022-07-01,51,31,218,4020,6667
42-317-41011,8747,7699,PIONEER,STRAIN RANCH 24-25 4215H,2022-08-01,52,31,178,3057,5694
42-317-41011,8747,7699,PIONEER,STRAIN RANCH 24-25 4215H,2022-09-01,53,30,101,1915,3337
42-317-41011,8747,7699,PIONEER,STRAIN RANCH 24-25 4215H,2022-10-01,54,31,113,4068,3868
42-317-41011,8747,7699,PIONEER,STRAIN RANCH 24-25 4215H,2022-11-01,55,30,104,4899,3680
42-317-41048,8733,7372,"VENCER ENERGY, LLC",MCMURRY-CRIM 60 106HB,2018-06-01,1,30,11802,11098,11424
42-317-41048,8733,7372,"VENCER ENERGY, LLC",MCMURRY-CRIM 60 106HB,2018-07-01,2,31,12636,18540,20222
42-317-41048,8733,7372,"VENCER ENERGY, LLC",MCMURRY-CRIM 60 106HB,2018-08-01,3,31,14570,23046,23463
42-317-41048,8733,7372,"VENCER ENERGY, LLC",MCMURRY-CRIM 60 106HB,2018-09-01,4,30,13317,26454,21578
42-317-41048,8733,7372,"VENCER ENERGY, LLC",MCMURRY-CRIM 60 106HB,2018-10-01,5,31,9957,22718,16233
42-317-41048,8733,7372,"VENCER ENERGY, LLC",MCMURRY-CRIM 60 106HB,2018-11-01,6,30,8655,23631,14198
42-317-41048,8733,7372,"VENCER ENERGY, LLC",MCMURRY-CRIM 60 106HB,2018-12-01,7,31,7318,23680,12077
42-317-41048,8733,7372,"VENCER ENERGY, LLC",MCMURRY-CRIM 60 106HB,2019-01-01,8,31,5888,20718,9778
42-317-41048,8733,7372,"VENCER ENERGY, LLC",MCMURRY-CRIM 60 106HB,2019-02-01,9,28,1480,4704,2473
42-317-41048,8733,7372,"VENCER ENERGY, LLC",MCMURRY-CRIM 60 106HB,2019-03-01,10,31,2787,774,4685
42-317-41048,8733,7372,"VENCER ENERGY, LLC",MCMURRY-CRIM 60 106HB,2019-04-01,11,30,2675,2357,4523
42-317-41048,8733,7372,"VENCER ENERGY, LLC",MCMURRY-CRIM 60 106HB,2019-05-01,12,31,5081,7971,8645
42-317-41048,8733,7372,"VENCER ENERGY, LLC",MCMURRY-CRIM 60 106HB,2019-06-01,13,30,4395,9175,7524
42-317-41048,8733,7372,"VENCER ENERGY, LLC",MCMURRY-CRIM 60 106HB,2019-07-01,14,31,5175,12017,8915
42-317-41048,8733,7372,"VENCER ENERGY, LLC",MCMURRY-CRIM 60 106HB,2019-08-01,15,31,4846,14058,8399
42-317-41048,8733,7372,"VENCER ENERGY, LLC",MCMURRY-CRIM 60 106HB,2019-09-01,16,30,3555,11877,6199
42-317-41048,8733,7372,"VENCER ENERGY, LLC",MCMURRY-CRIM 60 106HB,2019-10-01,17,31,4170,12737,7317
42-317-41048,8733,7372,"VENCER ENERGY, LLC",MCMURRY-CRIM 60 106HB,2019-11-01,18,30,3801,14272,6710
42-317-41048,8733,7372,"VENCER ENERGY, LLC",MCMURRY-CRIM 60 106HB,2019-12-01,19,31,3919,15069,6962
42-317-41048,8733,7372,"VENCER ENERGY, LLC",MCMURRY-CRIM 60 106HB,2020-01-01,20,31,3787,13565,6769
42-317-41048,8733,7372,"VENCER ENERGY, LLC",MCMURRY-CRIM 60 106HB,2020-02-01,21,29,3568,14856,6417
42-317-41048,8733,7372,"VENCER ENERGY, LLC",MCMURRY-CRIM 60 106HB,2020-03-01,22,31,3224,17844,5832
42-317-41048,8733,7372,"VENCER ENERGY, LLC",MCMURRY-CRIM 60 106HB,2020-04-01,23,30,2727,14437,4965
42-317-41048,8733,7372,"VENCER ENERGY, LLC",MCMURRY-CRIM 60 106HB,2020-05-01,24,31,2712,15117,4967
42-317-41048,8733,7372,"VENCER ENERGY, LLC",MCMURRY-CRIM 60 106HB,2020-06-01,25,30,2196,14502,4047
42-317-41048,8733,7372,"VENCER ENERGY, LLC",MCMURRY-CRIM 60 106HB,2020-07-01,26,31,2583,14474,4790
42-317-41048,8733,7372,"VENCER ENERGY, LLC",MCMURRY-CRIM 60 106HB,2020-08-01,27,31,2454,14076,4578
42-317-41048,8733,7372,"VENCER ENERGY, LLC",MCMURRY-CRIM 60 106HB,2020-09-01,28,30,1806,11271,3391
42-317-41048,8733,7372,"VENCER ENERGY, LLC",MCMURRY-CRIM 60 106HB,2020-10-01,29,31,1571,9103,2968
42-317-41048,8733,7372,"VENCER ENERGY, LLC",MCMURRY-CRIM 60 106HB,2020-11-01,30,30,1375,8539,2613
42-317-41048,8733,7372,"VENCER ENERGY, LLC",MCMURRY-CRIM 60 106HB,2020-12-01,31,31,1534,4858,2933
42-317-41048,8733,7372,"VENCER ENERGY, LLC",MCMURRY-CRIM 60 106HB,2021-01-01,32,31,1662,10370,3198
42-317-41048,8733,7372,"VENCER ENERGY, LLC",MCMURRY-CRIM 60 106HB,2021-02-01,33,28,1224,9170,2369
42-317-41048,8733,7372,"VENCER ENERGY, LLC",MCMURRY-CRIM 60 106HB,2021-03-01,34,31,1741,10821,3390
42-317-41048,8733,7372,"VENCER ENERGY, LLC",MCMURRY-CRIM 60 106HB,2021-04-01,35,30,1438,9829,2817
42-317-41048,8733,7372,"VENCER ENERGY, LLC",MCMURRY-CRIM 60 106HB,2021-05-01,36,31,1562,12843,3078
42-317-41048,8733,7372,"VENCER ENERGY, LLC",MCMURRY-CRIM 60 106HB,2021-06-01,37,30,1455,14020,2886
42-317-41048,8733,7372,"VENCER ENERGY, LLC",MCMURRY-CRIM 60 106HB,2021-07-01,38,31,1331,13767,2657
42-317-41048,8733,7372,"VENCER ENERGY, LLC",MCMURRY-CRIM 60 106HB,2021-08-01,39,31,1193,13995,2396
42-317-41048,8733,7372,"VENCER ENERGY, LLC",MCMURRY-CRIM 60 106HB,2021-09-01,40,30,999,10019,2018
42-317-41048,8733,7372,"VENCER ENERGY, LLC",MCMURRY-CRIM 60 106HB,2021-10-01,41,31,1111,12758,2260
42-317-41048,8733,7372,"VENCER ENERGY, LLC",MCMURRY-CRIM 60 106HB,2021-11-01,42,30,1016,12012,2078
42-317-41048,8733,7372,"VENCER ENERGY, LLC",MCMURRY-CRIM 60 106HB,2021-12-01,43,31,813,12223,1674
42-317-41048,8733,7372,"VENCER ENERGY, LLC",MCMURRY-CRIM 60 106HB,2022-01-01,44,31,777,9993,1608
42-317-41048,8733,7372,"VENCER ENERGY, LLC",MCMURRY-CRIM 60 106HB,2022-02-01,45,28,770,9945,1604
42-317-41048,8733,7372,"VENCER ENERGY, LLC",MCMURRY-CRIM 60 106HB,2022-03-01,46,31,863,10750,1808
42-317-41048,8733,7372,"VENCER ENERGY, LLC",MCMURRY-CRIM 60 106HB,2022-04-01,47,30,786,11565,1658
42-317-41048,8733,7372,"VENCER ENERGY, LLC",MCMURRY-CRIM 60 106HB,2022-05-01,48,31,394,9765,836
42-317-41048,8733,7372,"VENCER ENERGY, LLC",MCMURRY-CRIM 60 106HB,2022-06-01,49,30,409,6860,873
42-317-41048,8733,7372,"VENCER ENERGY, LLC",MCMURRY-CRIM 60 106HB,2022-07-01,50,31,390,5389,838
42-317-41048,8733,7372,"VENCER ENERGY, LLC",MCMURRY-CRIM 60 106HB,2022-08-01,51,31,575,7724,1242
42-317-41048,8733,7372,"VENCER ENERGY, LLC",MCMURRY-CRIM 60 106HB,2022-09-01,52,30,566,7613,1231
42-317-41048,8733,7372,"VENCER ENERGY, LLC",MCMURRY-CRIM 60 106HB,2022-10-01,53,31,585,6939,1280
42-317-41927,8636,10353,EXXON,STRAIN 20 UNIT 1 2013AH,2019-09-01,1,30,12151,368,3805
42-317-41927,8636,10353,EXXON,STRAIN 20 UNIT 1 2013AH,2019-10-01,2,31,28797,46336,20766
42-317-41927,8636,10353,EXXON,STRAIN 20 UNIT 1 2013AH,2019-11-01,3,30,30495,65484,21874
42-317-41927,8636,10353,EXXON,STRAIN 20 UNIT 1 2013AH,2019-12-01,4,31,26202,69525,18696
42-317-41927,8636,10353,EXXON,STRAIN 20 UNIT 1 2013AH,2020-01-01,5,31,21377,67764,15172
42-317-41927,8636,10353,EXXON,STRAIN 20 UNIT 1 2013AH,2020-02-01,6,29,14804,53325,10452
42-317-41927,8636,10353,EXXON,STRAIN 20 UNIT 1 2013AH,2020-03-01,7,31,14422,63931,10130
42-317-41927,8636,10353,EXXON,STRAIN 20 UNIT 1 2013AH,2020-04-01,8,30,11448,58348,7998
42-317-41927,8636,10353,EXXON,STRAIN 20 UNIT 1 2013AH,2020-05-01,9,31,3846,14951,2673
42-317-41927,8636,10353,EXXON,STRAIN 20 UNIT 1 2013AH,2020-06-01,10,30,11475,52564,7933
42-317-41927,8636,10353,EXXON,STRAIN 20 UNIT 1 2013AH,2020-07-01,11,31,8217,57509,5651
42-317-41927,8636,10353,EXXON,STRAIN 20 UNIT 1 2013AH,2020-08-01,12,31,6840,50988,4679
42-317-41927,8636,10353,EXXON,STRAIN 20 UNIT 1 2013AH,2020-09-01,13,30,6139,49321,4177
42-317-41927,8636,10353,EXXON,STRAIN 20 UNIT 1 2013AH,2020-10-01,14,31,6314,50564,4273
42-317-41927,8636,10353,EXXON,STRAIN 20 UNIT 1 2013AH,2020-11-01,15,30,5498,46167,3702
42-317-41927,8636,10353,EXXON,STRAIN 20 UNIT 1 2013AH,2020-12-01,16,31,4161,37258,2786
42-317-41927,8636,10353,EXXON,STRAIN 20 UNIT 1 2013AH,2021-01-01,17,31,4074,33074,2714
42-317-41927,8636,10353,EXXON,STRAIN 20 UNIT 1 2013AH,2021-02-01,18,28,2380,18470,1578
42-317-41927,8636,10353,EXXON,STRAIN 20 UNIT 1 2013AH,2021-03-01,19,31,2881,16323,1900
42-317-41927,8636,10353,EXXON,STRAIN 20 UNIT 1 2013AH,2021-04-01,20,30,2918,13821,1914
42-317-41927,8636,10353,EXXON,STRAIN 20 UNIT 1 2013AH,2021-05-01,21,31,2824,11423,1842
42-317-41927,8636,10353,EXXON,STRAIN 20 UNIT 1 2013AH,2021-06-01,22,30,2691,12715,1746
42-317-41927,8636,10353,EXXON,STRAIN 20 UNIT 1 2013AH,2021-07-01,23,31,2987,15732,1928
42-317-41927,8636,10353,EXXON,STRAIN 20 UNIT 1 2013AH,2021-08-01,24,31,1295,13165,831
42-317-41927,8636,10353,EXXON,STRAIN 20 UNIT 1 2013AH,2021-09-01,25,30,2617,11082,1672
42-317-41927,8636,10353,EXXON,STRAIN 20 UNIT 1 2013AH,2021-10-01,26,31,3038,8130,1930
42-317-41927,8636,10353,EXXON,STRAIN 20 UNIT 1 2013AH,2021-11-01,27,30,2552,18038,1613
42-317-41927,8636,10353,EXXON,STRAIN 20 UNIT 1 2013AH,2021-12-01,28,31,2512,18087,1580
42-317-41927,8636,10353,EXXON,STRAIN 20 UNIT 1 2013AH,2022-01-01,29,31,1966,14584,1229
42-317-41927,8636,10353,EXXON,STRAIN 20 UNIT 1 2013AH,2022-02-01,30,28,851,17462,529
42-317-41927,8636,10353,EXXON,STRAIN 20 UNIT 1 2013AH,2022-03-01,31,31,25,351,15
42-317-41927,8636,10353,EXXON,STRAIN 20 UNIT 1 2013AH,2022-04-01,32,30,68,611,42
42-317-41927,8636,10353,EXXON,STRAIN 20 UNIT 1 2013AH,2022-05-01,33,31,830,391,508
42-317-41927,8636,10353,EXXON,STRAIN 20 UNIT 1 2013AH,2022-06-01,34,30,1272,399,775
42-317-41927,8636,10353,EXXON,STRAIN 20 UNIT 1 2013AH,2022-07-01,35,31,1338,229,811
42-317-41927,8636,10353,EXXON,STRAIN 20 UNIT 1 2013AH,2022-08-01,36,31,933,324,562
42-317-41927,8636,10353,EXXON,STRAIN 20 UNIT 1 2013AH,2022-09-01,37,30,1116,386,669
42-317-41927,8636,10353,EXXON,STRAIN 20 UNIT 1 2013AH,2022-10-01,38,31,2372,443,1415
42-317-41927,8636,10353,EXXON,STRAIN 20 UNIT 1 2013AH,2022-11-01,39,30,2204,5646,1308
42-317-42470,8458,10382,EXXON,DARK STAR UNIT 2 2118AH,2021-04-01,1,30,13000,18486,26920
42-317-42470,8458,10382,EXXON,DARK STAR UNIT 2 2118AH,2021-05-01,2,31,28522,49417,59105
42-317-42470,8458,10382,EXXON,DARK STAR UNIT 2 2118AH,2021-06-01,3,30,21536,47864,44430
42-317-42470,8458,10382,EXXON,DARK STAR UNIT 2 2118AH,2021-07-01,4,31,19898,44511,40870
42-317-42470,8458,10382,EXXON,DARK STAR UNIT 2 2118AH,2021-08-01,5,31,21722,51354,44415
42-317-42470,8458,10382,EXXON,DARK STAR UNIT 2 2118AH,2021-09-01,6,30,15562,49969,31679
42-317-42470,8458,10382,EXXON,DARK STAR UNIT 2 2118AH,2021-10-01,7,31,11308,50230,22918
42-317-42470,8458,10382,EXXON,DARK STAR UNIT 2 2118AH,2021-11-01,8,30,8859,47745,17875
42-317-42470,8458,10382,EXXON,DARK STAR UNIT 2 2118AH,2021-12-01,9,31,6670,42050,13399
42-317-42470,8458,10382,EXXON,DARK STAR UNIT 2 2118AH,2022-01-01,10,31,5691,38487,11380
42-317-42470,8458,10382,EXXON,DARK STAR UNIT 2 2118AH,2022-02-01,11,28,4293,35030,8548
42-317-42470,8458,10382,EXXON,DARK STAR UNIT 2 2118AH,2022-03-01,12,31,4147,34850,8223
42-317-42470,8458,10382,EXXON,DARK STAR UNIT 2 2118AH,2022-04-01,13,30,3194,26301,6304
42-317-42470,8458,10382,EXXON,DARK STAR UNIT 2 2118AH,2022-05-01,14,31,3524,26400,6925
42-317-42470,8458,10382,EXXON,DARK STAR UNIT 2 2118AH,2022-06-01,15,30,3572,31868,6988
42-317-42470,8458,10382,EXXON,DARK STAR UNIT 2 2118AH,2022-07-01,16,31,2605,29966,5074
42-317-42470,8458,10382,EXXON,DARK STAR UNIT 2 2118AH,2022-08-01,17,31,1538,18668,2983
42-317-42470,8458,10382,EXXON,DARK STAR UNIT 2 2118AH,2022-09-01,18,30,1696,18122,3273
42-317-42470,8458,10382,EXXON,DARK STAR UNIT 2 2118AH,2022-10-01,19,31,2803,24941,5386
42-317-42470,8458,10382,EXXON,DARK STAR UNIT 2 2118AH,2022-11-01,20,30,2967,30213,5677
42-317-42639,8383,9818,LARIO OIL & GAS COMPANY,HALSEY 9 201,2020-03-01,1,31,15823,9623,11679
42-317-42639,8383,9818,LARIO OIL & GAS COMPANY,HALSEY 9 201,2020-04-01,2,30,19313,11685,34486
42-317-42639,8383,9818,LARIO OIL & GAS COMPANY,HALSEY 9 201,2020-05-01,3,31,14561,6269,24446
42-317-42639,8383,9818,LARIO OIL & GAS COMPANY,HALSEY 9 201,2020-06-01,4,30,10042,4263,15850
42-317-42639,8383,9818,LARIO OIL & GAS COMPANY,HALSEY 9 201,2020-07-01,5,31,7861,3611,11666
42-317-42639,8383,9818,LARIO OIL & GAS COMPANY,HALSEY 9 201,2020-08-01,6,31,8137,4710,11341
42-317-42639,8383,9818,LARIO OIL & GAS COMPANY,HALSEY 9 201,2020-09-01,7,30,9069,5952,11884
42-317-42639,8383,9818,LARIO OIL & GAS COMPANY,HALSEY 9 201,2020-10-01,8,31,8700,5740,10719
42-317-42639,8383,9818,LARIO OIL & GAS COMPANY,HALSEY 9 201,2020-11-01,9,30,20018,14098,23187
42-317-42639,8383,9818,LARIO OIL & GAS COMPANY,HALSEY 9 201,2020-12-01,10,31,22670,16305,24689
42-317-42639,8383,9818,LARIO OIL & GAS COMPANY,HALSEY 9 201,2021-01-01,11,31,18889,13581,19321
42-317-42639,8383,9818,LARIO OIL & GAS COMPANY,HALSEY 9 201,2021-02-01,12,28,13889,8730,13383
42-317-42639,8383,9818,LARIO OIL & GAS COMPANY,HALSEY 9 201,2021-03-01,13,31,19323,7189,17542
42-317-42639,8383,9818,LARIO OIL & GAS COMPANY,HALSEY 9 201,2021-04-01,14,30,13773,4773,11755
42-317-42639,8383,9818,LARIO OIL & GAS COMPANY,HALSEY 9 201,2021-05-01,15,31,12979,8382,10415
42-317-42639,8383,9818,LARIO OIL & GAS COMPANY,HALSEY 9 201,2021-06-01,16,30,11000,6232,8299
42-317-42639,8383,9818,LARIO OIL & GAS COMPANY,HALSEY 9 201,2021-07-01,17,31,10613,5178,7528
42-317-42639,8383,9818,LARIO OIL & GAS COMPANY,HALSEY 9 201,2021-08-01,18,31,11083,7323,7383
42-317-42639,8383,9818,LARIO OIL & GAS COMPANY,HALSEY 9 201,2021-09-01,19,30,9752,4516,6108
42-317-42639,8383,9818,LARIO OIL & GAS COMPANY,HALSEY 9 201,2021-10-01,20,31,10542,7443,6208
42-317-42639,8383,9818,LARIO OIL & GAS COMPANY,HALSEY 9 201,2021-11-01,21,30,13311,8550,7369
42-317-42639,8383,9818,LARIO OIL & GAS COMPANY,HALSEY 9 201,2021-12-01,22,31,12253,3738,6378
42-317-42639,8383,9818,LARIO OIL & GAS COMPANY,HALSEY 9 201,2022-01-01,23,31,11445,4501,5595
42-317-42639,8383,9818,LARIO OIL & GAS COMPANY,HALSEY 9 201,2022-02-01,24,28,8585,5625,3954
42-317-42639,8383,9818,LARIO OIL & GAS COMPANY,HALSEY 9 201,2022-03-01,25,31,9463,9260,4106
42-317-42639,8383,9818,LARIO OIL & GAS COMPANY,HALSEY 9 201,2022-04-01,26,30,8597,9405,3507
42-317-42639,8383,9818,LARIO OIL & GAS COMPANY,HALSEY 9 201,2022-05-01,27,31,6816,7037,2614
42-317-42639,8383,9818,LARIO OIL & GAS COMPANY,HALSEY 9 201,2022-06-01,28,30,6773,5143,2442
42-317-42639,8383,9818,LARIO OIL & GAS COMPANY,HALSEY 9 201,2022-07-01,29,31,9617,6181,3260
42-317-42639,8383,9818,LARIO OIL & GAS COMPANY,HALSEY 9 201,2022-08-01,30,31,9210,7241,2933
42-317-42639,8383,9818,LARIO OIL & GAS COMPANY,HALSEY 9 201,2022-09-01,31,30,8896,3756,2663
42-317-44120,8505,11186,EXXON,DIRE WOLF UNIT 1 0414AH,2022-09-01,1,30,3906,3934,15677
42-317-44120,8505,11186,EXXON,DIRE WOLF UNIT 1 0414AH,2022-10-01,2,31,30561,30278,75470
42-317-44120,8505,11186,EXXON,DIRE WOLF UNIT 1 0414AH,2022-11-01,3,30,74462,82333,181814
42-317-41187,8453,9797,LARIO OIL & GAS COMPANY,HALSEY 4 401,2019-07-01,1,31,37139,3542,34342
42-317-41187,8453,9797,LARIO OIL & GAS COMPANY,HALSEY 4 401,2019-08-01,2,31,43422,6800,69736
42-317-41187,8453,9797,LARIO OIL & GAS COMPANY,HALSEY 4 401,2019-09-01,3,30,33491,7360,51897
42-317-41187,8453,9797,LARIO OIL & GAS COMPANY,HALSEY 4 401,2019-10-01,4,31,24084,10996,36009
42-317-41187,8453,9797,LARIO OIL & GAS COMPANY,HALSEY 4 401,2019-11-01,5,30,25285,11604,36477
42-317-41187,8453,9797,LARIO OIL & GAS COMPANY,HALSEY 4 401,2019-12-01,6,31,22143,12841,30822
42-317-41187,8453,9797,LARIO OIL & GAS COMPANY,HALSEY 4 401,2020-01-01,7,31,11904,3920,15978
42-317-41187,8453,9797,LARIO OIL & GAS COMPANY,HALSEY 4 401,2020-02-01,8,29,18064,6524,23408
42-317-41187,8453,9797,LARIO OIL & GAS COMPANY,HALSEY 4 401,2020-03-01,9,31,20557,8155,25719
42-317-41187,8453,9797,LARIO OIL & GAS COMPANY,HALSEY 4 401,2020-04-01,10,30,16207,5095,19564
42-317-41187,8453,9797,LARIO OIL & GAS COMPANY,HALSEY 4 401,2020-05-01,11,31,15825,7660,18432
42-317-41187,8453,9797,LARIO OIL & GAS COMPANY,HALSEY 4 401,2020-06-01,12,30,13255,6644,14896
42-317-41187,8453,9797,LARIO OIL & GAS COMPANY,HALSEY 4 401,2020-07-01,13,31,12416,5067,13463
42-317-41187,8453,9797,LARIO OIL & GAS COMPANY,HALSEY 4 401,2020-08-01,14,31,11712,7604,0
42-317-41187,8453,9797,LARIO OIL & GAS COMPANY,HALSEY 4 401,2020-09-01,15,30,13318,11347,0
42-317-41187,8453,9797,LARIO OIL & GAS COMPANY,HALSEY 4 401,2020-10-01,16,31,10718,8913,0
42-317-41187,8453,9797,LARIO OIL & GAS COMPANY,HALSEY 4 401,2020-11-01,17,30,7521,5879,0
42-317-41187,8453,9797,LARIO OIL & GAS COMPANY,HALSEY 4 401,2020-12-01,18,31,8817,9506,0
42-317-41187,8453,9797,LARIO OIL & GAS COMPANY,HALSEY 4 401,2021-01-01,19,31,9027,6148,0
42-317-41187,8453,9797,LARIO OIL & GAS COMPANY,HALSEY 4 401,2021-02-01,20,28,7028,3298,0
42-317-41187,8453,9797,LARIO OIL & GAS COMPANY,HALSEY 4 401,2021-03-01,21,31,9383,2614,0
42-317-41187,8453,9797,LARIO OIL & GAS COMPANY,HALSEY 4 401,2021-04-01,22,30,2805,922,0
42-317-41187,8453,9797,LARIO OIL & GAS COMPANY,HALSEY 4 401,2021-05-01,23,31,559,0,0
42-317-41187,8453,9797,LARIO OIL & GAS COMPANY,HALSEY 4 401,2021-06-01,24,30,10576,8019,0
42-317-41187,8453,9797,LARIO OIL & GAS COMPANY,HALSEY 4 401,2021-07-01,25,31,11688,7581,0
42-317-41187,8453,9797,LARIO OIL & GAS COMPANY,HALSEY 4 401,2021-08-01,26,31,11146,10518,0
42-317-41187,8453,9797,LARIO OIL & GAS COMPANY,HALSEY 4 401,2021-09-01,27,30,12643,8905,0
42-317-41187,8453,9797,LARIO OIL & GAS COMPANY,HALSEY 4 401,2021-10-01,28,31,12043,13096,0
42-317-41187,8453,9797,LARIO OIL & GAS COMPANY,HALSEY 4 401,2021-11-01,29,30,11037,8730,0
42-317-41187,8453,9797,LARIO OIL & GAS COMPANY,HALSEY 4 401,2021-12-01,30,31,10116,3829,0
42-317-41187,8453,9797,LARIO OIL & GAS COMPANY,HALSEY 4 401,2022-01-01,31,31,9352,4537,0
42-317-41187,8453,9797,LARIO OIL & GAS COMPANY,HALSEY 4 401,2022-02-01,32,28,4354,2359,0
42-317-41187,8453,9797,LARIO OIL & GAS COMPANY,HALSEY 4 401,2022-03-01,33,31,3134,2411,0
42-317-41187,8453,9797,LARIO OIL & GAS COMPANY,HALSEY 4 401,2022-04-01,34,30,9962,10562,0
42-317-41187,8453,9797,LARIO OIL & GAS COMPANY,HALSEY 4 401,2022-05-01,35,31,7892,10215,0
42-317-41187,8453,9797,LARIO OIL & GAS COMPANY,HALSEY 4 401,2022-06-01,36,30,7864,8984,0
42-317-41187,8453,9797,LARIO OIL & GAS COMPANY,HALSEY 4 401,2022-07-01,37,31,8419,7941,0
42-317-41187,8453,9797,LARIO OIL & GAS COMPANY,HALSEY 4 401,2022-08-01,38,31,7554,5010,0
42-317-41187,8453,9797,LARIO OIL & GAS COMPANY,HALSEY 4 401,2022-09-01,39,30,7040,3418,0
42-317-41632,8524,10032,"VENCER ENERGY, LLC",TEXACO 41-MCMURRY B 10 101HA,2019-03-01,1,31,16270,11244,26666
42-317-41632,8524,10032,"VENCER ENERGY, LLC",TEXACO 41-MCMURRY B 10 101HA,2019-04-01,2,30,20410,15308,33407
42-317-41632,8524,10032,"VENCER ENERGY, LLC",TEXACO 41-MCMURRY B 10 101HA,2019-05-01,3,31,21921,16910,35802
42-317-41632,8524,10032,"VENCER ENERGY, LLC",TEXACO 41-MCMURRY B 10 101HA,2019-06-01,4,30,20460,12548,33343
42-317-41632,8524,10032,"VENCER ENERGY, LLC",TEXACO 41-MCMURRY B 10 101HA,2019-07-01,5,31,18228,20390,29641
42-317-41632,8524,10032,"VENCER ENERGY, LLC",TEXACO 41-MCMURRY B 10 101HA,2019-08-01,6,31,17520,20667,28427
42-317-41632,8524,10032,"VENCER ENERGY, LLC",TEXACO 41-MCMURRY B 10 101HA,2019-09-01,7,30,15536,19021,25152
42-317-41632,8524,10032,"VENCER ENERGY, LLC",TEXACO 41-MCMURRY B 10 101HA,2019-10-01,8,31,14147,21782,22855
42-317-41632,8524,10032,"VENCER ENERGY, LLC",TEXACO 41-MCMURRY B 10 101HA,2019-11-01,9,30,13555,17975,21851
42-317-41632,8524,10032,"VENCER ENERGY, LLC",TEXACO 41-MCMURRY B 10 101HA,2019-12-01,10,31,13580,13918,21844
42-317-41632,8524,10032,"VENCER ENERGY, LLC",TEXACO 41-MCMURRY B 10 101HA,2020-01-01,11,31,9333,15948,14979
42-317-41632,8524,10032,"VENCER ENERGY, LLC",TEXACO 41-MCMURRY B 10 101HA,2020-02-01,12,29,7970,15649,12763
42-317-41632,8524,10032,"VENCER ENERGY, LLC",TEXACO 41-MCMURRY B 10 101HA,2020-03-01,13,31,5650,11283,9030
42-317-41632,8524,10032,"VENCER ENERGY, LLC",TEXACO 41-MCMURRY B 10 101HA,2020-04-01,14,30,2388,8380,3807
42-317-41632,8524,10032,"VENCER ENERGY, LLC",TEXACO 41-MCMURRY B 10 101HA,2020-05-01,15,31,10702,14051,17029
42-317-41632,8524,10032,"VENCER ENERGY, LLC",TEXACO 41-MCMURRY B 10 101HA,2020-06-01,16,30,9771,14467,15513
42-317-41632,8524,10032,"VENCER ENERGY, LLC",TEXACO 41-MCMURRY B 10 101HA,2020-07-01,17,31,8880,15524,14068
42-317-41632,8524,10032,"VENCER ENERGY, LLC",TEXACO 41-MCMURRY B 10 101HA,2020-08-01,18,31,8984,16403,14202
42-317-41632,8524,10032,"VENCER ENERGY, LLC",TEXACO 41-MCMURRY B 10 101HA,2020-09-01,19,30,7932,14912,12511
42-317-41632,8524,10032,"VENCER ENERGY, LLC",TEXACO 41-MCMURRY B 10 101HA,2020-10-01,20,31,8122,16118,12784
42-317-41632,8524,10032,"VENCER ENERGY, LLC",TEXACO 41-MCMURRY B 10 101HA,2020-11-01,21,30,6312,14925,9913
42-317-41632,8524,10032,"VENCER ENERGY, LLC",TEXACO 41-MCMURRY B 10 101HA,2020-12-01,22,31,6226,9965,9756
42-317-41632,8524,10032,"VENCER ENERGY, LLC",TEXACO 41-MCMURRY B 10 101HA,2021-01-01,23,31,6831,13019,10681
42-317-41632,8524,10032,"VENCER ENERGY, LLC",TEXACO 41-MCMURRY B 10 101HA,2021-02-01,24,28,4730,7613,7381
42-317-41632,8524,10032,"VENCER ENERGY, LLC",TEXACO 41-MCMURRY B 10 101HA,2021-03-01,25,31,7166,12486,11157
42-317-41632,8524,10032,"VENCER ENERGY, LLC",TEXACO 41-MCMURRY B 10 101HA,2021-04-01,26,30,6771,13616,10521
42-317-41632,8524,10032,"VENCER ENERGY, LLC",TEXACO 41-MCMURRY B 10 101HA,2021-05-01,27,31,5876,12435,9110
42-317-41632,8524,10032,"VENCER ENERGY, LLC",TEXACO 41-MCMURRY B 10 101HA,2021-06-01,28,30,5304,11478,8204
42-317-41632,8524,10032,"VENCER ENERGY, LLC",TEXACO 41-MCMURRY B 10 101HA,2021-07-01,29,31,5315,12590,8204
42-317-41632,8524,10032,"VENCER ENERGY, LLC",TEXACO 41-MCMURRY B 10 101HA,2021-08-01,30,31,6705,14983,10326
42-317-41632,8524,10032,"VENCER ENERGY, LLC",TEXACO 41-MCMURRY B 10 101HA,2021-09-01,31,30,5693,15669,8749
42-317-41632,8524,10032,"VENCER ENERGY, LLC",TEXACO 41-MCMURRY B 10 101HA,2021-10-01,32,31,5307,15724,8138
42-317-41632,8524,10032,"VENCER ENERGY, LLC",TEXACO 41-MCMURRY B 10 101HA,2021-11-01,33,30,4676,13172,7154
42-317-41632,8524,10032,"VENCER ENERGY, LLC",TEXACO 41-MCMURRY B 10 101HA,2021-12-01,34,31,5036,13281,7688
42-317-41632,8524,10032,"VENCER ENERGY, LLC",TEXACO 41-MCMURRY B 10 101HA,2022-01-01,35,31,5336,12852,8128
42-317-41632,8524,10032,"VENCER ENERGY, LLC",TEXACO 41-MCMURRY B 10 101HA,2022-02-01,36,28,4059,11602,6170
42-317-41632,8524,10032,"VENCER ENERGY, LLC",TEXACO 41-MCMURRY B 10 101HA,2022-03-01,37,31,3703,11968,5617
42-317-41632,8524,10032,"VENCER ENERGY, LLC",TEXACO 41-MCMURRY B 10 101HA,2022-04-01,38,30,3745,12848,5669
42-317-41632,8524,10032,"VENCER ENERGY, LLC",TEXACO 41-MCMURRY B 10 101HA,2022-05-01,39,31,5,22,7
42-317-41632,8524,10032,"VENCER ENERGY, LLC",TEXACO 41-MCMURRY B 10 101HA,2022-06-01,40,30,484,3622,729
42-317-41632,8524,10032,"VENCER ENERGY, LLC",TEXACO 41-MCMURRY B 10 101HA,2022-07-01,41,31,1378,3050,2073
42-317-41632,8524,10032,"VENCER ENERGY, LLC",TEXACO 41-MCMURRY B 10 101HA,2022-08-01,42,31,1769,1124,2654
42-317-41632,8524,10032,"VENCER ENERGY, LLC",TEXACO 41-MCMURRY B 10 101HA,2022-09-01,43,30,2485,2031,3720
42-317-41632,8524,10032,"VENCER ENERGY, LLC",TEXACO 41-MCMURRY B 10 101HA,2022-10-01,44,31,2858,3470,4270
42-317-41632,8524,10032,"VENCER ENERGY, LLC",TEXACO 41-MCMURRY B 10 101HA,2022-11-01,45,30,1722,2628,2567
42-317-41649,8505,10032,"VENCER ENERGY, LLC",TEXACO 41-MCMURRY B 40 104HA,2019-03-01,1,31,9562,6344,10399
42-317-41649,8505,10032,"VENCER ENERGY, LLC",TEXACO 41-MCMURRY B 40 104HA,2019-04-01,2,30,20305,17020,22102
42-317-41649,8505,10032,"VENCER ENERGY, LLC",TEXACO 41-MCMURRY B 40 104HA,2019-05-01,3,31,15152,8298,16459
42-317-41649,8505,10032,"VENCER ENERGY, LLC",TEXACO 41-MCMURRY B 40 104HA,2019-06-01,4,30,15609,10707,16920
42-317-41649,8505,10032,"VENCER ENERGY, LLC",TEXACO 41-MCMURRY B 40 104HA,2019-07-01,5,31,19695,16886,21305
42-317-41649,8505,10032,"VENCER ENERGY, LLC",TEXACO 41-MCMURRY B 40 104HA,2019-08-01,6,31,16893,19914,18236
42-317-41649,8505,10032,"VENCER ENERGY, LLC",TEXACO 41-MCMURRY B 40 104HA,2019-09-01,7,30,14699,15686,15834
42-317-41649,8505,10032,"VENCER ENERGY, LLC",TEXACO 41-MCMURRY B 40 104HA,2019-10-01,8,31,14664,16366,15765
42-317-41649,8505,10032,"VENCER ENERGY, LLC",TEXACO 41-MCMURRY B 40 104HA,2019-11-01,9,30,10980,16040,11780
42-317-41649,8505,10032,"VENCER ENERGY, LLC",TEXACO 41-MCMURRY B 40 104HA,2019-12-01,10,31,10076,14402,10788
42-317-41649,8505,10032,"VENCER ENERGY, LLC",TEXACO 41-MCMURRY B 40 104HA,2020-01-01,11,31,10958,16033,11707
42-317-41649,8505,10032,"VENCER ENERGY, LLC",TEXACO 41-MCMURRY B 40 104HA,2020-02-01,12,29,9532,13959,10164
42-317-41649,8505,10032,"VENCER ENERGY, LLC",TEXACO 41-MCMURRY B 40 104HA,2020-03-01,13,31,8622,13931,9174
42-317-41649,8505,10032,"VENCER ENERGY, LLC",TEXACO 41-MCMURRY B 40 104HA,2020-04-01,14,30,8188,13651,8695
42-317-41649,8505,10032,"VENCER ENERGY, LLC",TEXACO 41-MCMURRY B 40 104HA,2020-05-01,15,31,8783,15468,9308
42-317-41649,8505,10032,"VENCER ENERGY, LLC",TEXACO 41-MCMURRY B 40 104HA,2020-06-01,16,30,7441,14851,7869
42-317-41649,8505,10032,"VENCER ENERGY, LLC",TEXACO 41-MCMURRY B 40 104HA,2020-07-01,17,31,6793,14923,7168
42-317-41649,8505,10032,"VENCER ENERGY, LLC",TEXACO 41-MCMURRY B 40 104HA,2020-08-01,18,31,6144,14091,6470
42-317-41649,8505,10032,"VENCER ENERGY, LLC",TEXACO 41-MCMURRY B 40 104HA,2020-09-01,19,30,5441,13527,5718
42-317-41649,8505,10032,"VENCER ENERGY, LLC",TEXACO 41-MCMURRY B 40 104HA,2020-10-01,20,31,5452,13754,5718
42-317-41649,8505,10032,"VENCER ENERGY, LLC",TEXACO 41-MCMURRY B 40 104HA,2020-11-01,21,30,1254,3319,1312
42-317-41649,8505,10032,"VENCER ENERGY, LLC",TEXACO 41-MCMURRY B 40 104HA,2020-12-01,22,31,1257,5191,1313
42-317-41649,8505,10032,"VENCER ENERGY, LLC",TEXACO 41-MCMURRY B 40 104HA,2021-01-01,23,31,2704,6203,2818
42-317-41649,8505,10032,"VENCER ENERGY, LLC",TEXACO 41-MCMURRY B 40 104HA,2021-02-01,24,28,1824,3626,1898
42-317-41649,8505,10032,"VENCER ENERGY, LLC",TEXACO 41-MCMURRY B 40 104HA,2021-03-01,25,31,4169,7526,4328
42-317-41649,8505,10032,"VENCER ENERGY, LLC",TEXACO 41-MCMURRY B 40 104HA,2021-04-01,26,30,4262,9432,4416
42-317-41649,8505,10032,"VENCER ENERGY, LLC",TEXACO 41-MCMURRY B 40 104HA,2021-05-01,27,31,4508,9899,4661
42-317-41649,8505,10032,"VENCER ENERGY, LLC",TEXACO 41-MCMURRY B 40 104HA,2021-06-01,28,30,4093,10007,4223
42-317-41649,8505,10032,"VENCER ENERGY, LLC",TEXACO 41-MCMURRY B 40 104HA,2021-07-01,29,31,3954,10964,4071
42-317-41649,8505,10032,"VENCER ENERGY, LLC",TEXACO 41-MCMURRY B 40 104HA,2021-08-01,30,31,3734,12357,3837
42-317-41649,8505,10032,"VENCER ENERGY, LLC",TEXACO 41-MCMURRY B 40 104HA,2021-09-01,31,30,2978,9308,3054
42-317-41649,8505,10032,"VENCER ENERGY, LLC",TEXACO 41-MCMURRY B 40 104HA,2021-10-01,32,31,3311,8758,3388
42-317-41649,8505,10032,"VENCER ENERGY, LLC",TEXACO 41-MCMURRY B 40 104HA,2021-11-01,33,30,2939,9630,3001
42-317-41649,8505,10032,"VENCER ENERGY, LLC",TEXACO 41-MCMURRY B 40 104HA,2021-12-01,34,31,2928,9694,2984
42-317-41649,8505,10032,"VENCER ENERGY, LLC",TEXACO 41-MCMURRY B 40 104HA,2022-01-01,35,31,3226,9093,3281
42-317-41649,8505,10032,"VENCER ENERGY, LLC",TEXACO 41-MCMURRY B 40 104HA,2022-02-01,36,28,2817,7643,2858
42-317-41649,8505,10032,"VENCER ENERGY, LLC",TEXACO 41-MCMURRY B 40 104HA,2022-03-01,37,31,2595,8385,2629
42-317-41649,8505,10032,"VENCER ENERGY, LLC",TEXACO 41-MCMURRY B 40 104HA,2022-04-01,38,30,2055,7153,2077
42-317-41649,8505,10032,"VENCER ENERGY, LLC",TEXACO 41-MCMURRY B 40 104HA,2022-05-01,39,0,0,0,0
42-317-41649,8505,10032,"VENCER ENERGY, LLC",TEXACO 41-MCMURRY B 40 104HA,2022-06-01,40,30,119,1127,120
42-317-41649,8505,10032,"VENCER ENERGY, LLC",TEXACO 41-MCMURRY B 40 104HA,2022-07-01,41,31,237,331,238
42-317-41649,8505,10032,"VENCER ENERGY, LLC",TEXACO 41-MCMURRY B 40 104HA,2022-08-01,42,31,177,773,178
42-317-41649,8505,10032,"VENCER ENERGY, LLC",TEXACO 41-MCMURRY B 40 104HA,2022-09-01,43,30,440,1048,440
42-317-41649,8505,10032,"VENCER ENERGY, LLC",TEXACO 41-MCMURRY B 40 104HA,2022-10-01,44,31,743,1696,741
42-317-41649,8505,10032,"VENCER ENERGY, LLC",TEXACO 41-MCMURRY B 40 104HA,2022-11-01,45,30,877,2301,874
42-317-41754,8536,10294,CHEVRON,VLT RUGER HUNTER UNIT 0022WA,2019-06-01,1,30,1604,1102,1397
42-317-41754,8536,10294,CHEVRON,VLT RUGER HUNTER UNIT 0022WA,2019-07-01,2,31,18982,9594,9943
42-317-41754,8536,10294,CHEVRON,VLT RUGER HUNTER UNIT 0022WA,2019-08-01,3,31,14929,15834,8089
42-317-41754,8536,10294,CHEVRON,VLT RUGER HUNTER UNIT 0022WA,2019-09-01,4,30,18852,12082,10559
42-317-41754,8536,10294,CHEVRON,VLT RUGER HUNTER UNIT 0022WA,2019-10-01,5,31,19280,8257,11163
42-317-41754,8536,10294,CHEVRON,VLT RUGER HUNTER UNIT 0022WA,2019-11-01,6,30,15152,8906,9069
42-317-41754,8536,10294,CHEVRON,VLT RUGER HUNTER UNIT 0022WA,2019-12-01,7,31,13382,8171,8280
42-317-41754,8536,10294,CHEVRON,VLT RUGER HUNTER UNIT 0022WA,2020-01-01,8,31,13125,3389,8399
42-317-41754,8536,10294,CHEVRON,VLT RUGER HUNTER UNIT 0022WA,2020-02-01,9,29,10965,7128,7250
42-317-41754,8536,10294,CHEVRON,VLT RUGER HUNTER UNIT 0022WA,2020-03-01,10,31,11981,7684,8185
42-317-41754,8536,10294,CHEVRON,VLT RUGER HUNTER UNIT 0022WA,2020-04-01,11,30,8849,9197,6249
42-317-41754,8536,10294,CHEVRON,VLT RUGER HUNTER UNIT 0022WA,2020-05-01,12,31,7642,5288,5579
42-317-41754,8536,10294,CHEVRON,VLT RUGER HUNTER UNIT 0022WA,2020-06-01,13,30,9635,8651,7271
42-317-41754,8536,10294,CHEVRON,VLT RUGER HUNTER UNIT 0022WA,2020-07-01,14,31,9074,9852,7079
42-317-41754,8536,10294,CHEVRON,VLT RUGER HUNTER UNIT 0022WA,2020-08-01,15,31,8022,3645,6473
42-317-41754,8536,10294,CHEVRON,VLT RUGER HUNTER UNIT 0022WA,2020-09-01,16,30,6811,2939,5681
42-317-41754,8536,10294,CHEVRON,VLT RUGER HUNTER UNIT 0022WA,2020-10-01,17,31,7301,6823,5630
42-317-41754,8536,10294,CHEVRON,VLT RUGER HUNTER UNIT 0022WA,2020-11-01,18,30,4468,4146,3445
42-317-41754,8536,10294,CHEVRON,VLT RUGER HUNTER UNIT 0022WA,2020-12-01,19,31,3867,5913,3016
42-317-41754,8536,10294,CHEVRON,VLT RUGER HUNTER UNIT 0022WA,2021-01-01,20,31,4758,6844,3754
42-317-41754,8536,10294,CHEVRON,VLT RUGER HUNTER UNIT 0022WA,2021-02-01,21,28,2955,4373,2358
42-317-41754,8536,10294,CHEVRON,VLT RUGER HUNTER UNIT 0022WA,2021-03-01,22,31,5157,7169,4161
42-317-41754,8536,10294,CHEVRON,VLT RUGER HUNTER UNIT 0022WA,2021-04-01,23,30,4734,8190,3863
42-317-41754,8536,10294,CHEVRON,VLT RUGER HUNTER UNIT 0022WA,2021-05-01,24,31,5174,6021,4271
42-317-41754,8536,10294,CHEVRON,VLT RUGER HUNTER UNIT 0022WA,2021-06-01,25,30,4348,5605,3631
42-317-41754,8536,10294,CHEVRON,VLT RUGER HUNTER UNIT 0022WA,2021-07-01,26,31,4581,4273,3870
42-317-41754,8536,10294,CHEVRON,VLT RUGER HUNTER UNIT 0022WA,2021-08-01,27,31,7085,6254,6055
42-317-41754,8536,10294,CHEVRON,VLT RUGER HUNTER UNIT 0022WA,2021-09-01,28,30,7313,7112,6322
42-317-41754,8536,10294,CHEVRON,VLT RUGER HUNTER UNIT 0022WA,2021-10-01,29,31,6811,7689,5956
42-317-41754,8536,10294,CHEVRON,VLT RUGER HUNTER UNIT 0022WA,2021-11-01,30,30,5947,7884,5261
42-317-41754,8536,10294,CHEVRON,VLT RUGER HUNTER UNIT 0022WA,2021-12-01,31,31,6245,7922,5588
42-317-41754,8536,10294,CHEVRON,VLT RUGER HUNTER UNIT 0022WA,2022-01-01,32,31,5939,7855,5377
42-317-41754,8536,10294,CHEVRON,VLT RUGER HUNTER UNIT 0022WA,2022-02-01,33,28,5259,7517,4814
42-317-41754,8536,10294,CHEVRON,VLT RUGER HUNTER UNIT 0022WA,2022-03-01,34,31,5774,6215,5345
42-317-41754,8536,10294,CHEVRON,VLT RUGER HUNTER UNIT 0022WA,2022-04-01,35,30,5985,10279,5604
42-317-41754,8536,10294,CHEVRON,VLT RUGER HUNTER UNIT 0022WA,2022-05-01,36,31,4629,5043,4384
42-317-41754,8536,10294,CHEVRON,VLT RUGER HUNTER UNIT 0022WA,2022-06-01,37,30,3806,625,3646
42-317-41754,8536,10294,CHEVRON,VLT RUGER HUNTER UNIT 0022WA,2022-07-01,38,31,4697,1158,4552
42-317-41754,8536,10294,CHEVRON,VLT RUGER HUNTER UNIT 0022WA,2022-08-01,39,31,5180,4563,5079
42-317-41754,8536,10294,CHEVRON,VLT RUGER HUNTER UNIT 0022WA,2022-09-01,40,30,5253,6386,5210
42-317-41754,8536,10294,CHEVRON,VLT RUGER HUNTER UNIT 0022WA,2022-10-01,41,31,2798,0,2807
42-317-42235,8671,10263,CHEVRON,VLT SAUER PANTERA UNIT 0063WA,2020-05-01,1,31,5433,3472,15047
42-317-42235,8671,10263,CHEVRON,VLT SAUER PANTERA UNIT 0063WA,2020-06-01,2,30,6597,4639,12491
42-317-42235,8671,10263,CHEVRON,VLT SAUER PANTERA UNIT 0063WA,2020-07-01,3,31,41867,36678,55604
42-317-42235,8671,10263,CHEVRON,VLT SAUER PANTERA UNIT 0063WA,2020-08-01,4,31,33891,56552,45228
42-317-42235,8671,10263,CHEVRON,VLT SAUER PANTERA UNIT 0063WA,2020-09-01,5,30,36671,30237,49171
42-317-42235,8671,10263,CHEVRON,VLT SAUER PANTERA UNIT 0063WA,2020-10-01,6,31,35393,34323,47683
42-317-42235,8671,10263,CHEVRON,VLT SAUER PANTERA UNIT 0063WA,2020-11-01,7,30,21541,31971,29159
42-317-42235,8671,10263,CHEVRON,VLT SAUER PANTERA UNIT 0063WA,2020-12-01,8,31,17608,28747,23948
42-317-42235,8671,10263,CHEVRON,VLT SAUER PANTERA UNIT 0063WA,2021-01-01,9,31,22157,27857,30281
42-317-42235,8671,10263,CHEVRON,VLT SAUER PANTERA UNIT 0063WA,2021-02-01,10,28,12326,13547,16923
42-317-42235,8671,10263,CHEVRON,VLT SAUER PANTERA UNIT 0063WA,2021-03-01,11,31,19687,20252,27153
42-317-42235,8671,10263,CHEVRON,VLT SAUER PANTERA UNIT 0063WA,2021-04-01,12,30,7738,6568,10723
42-317-42235,8671,10263,CHEVRON,VLT SAUER PANTERA UNIT 0063WA,2021-05-01,13,31,22054,25324,30708
42-317-42235,8671,10263,CHEVRON,VLT SAUER PANTERA UNIT 0063WA,2021-06-01,14,30,16700,24401,23364
42-317-42235,8671,10263,CHEVRON,VLT SAUER PANTERA UNIT 0063WA,2021-07-01,15,31,16523,23959,23226
42-317-42235,8671,10263,CHEVRON,VLT SAUER PANTERA UNIT 0063WA,2021-08-01,16,31,16291,21072,23010
42-317-42235,8671,10263,CHEVRON,VLT SAUER PANTERA UNIT 0063WA,2021-09-01,17,30,14969,21898,21244
42-317-42235,8671,10263,CHEVRON,VLT SAUER PANTERA UNIT 0063WA,2021-10-01,18,31,14803,22051,21108
42-317-42235,8671,10263,CHEVRON,VLT SAUER PANTERA UNIT 0063WA,2021-11-01,19,30,13495,22013,19334
42-317-42235,8671,10263,CHEVRON,VLT SAUER PANTERA UNIT 0063WA,2021-12-01,20,31,12257,21318,17644
42-317-42235,8671,10263,CHEVRON,VLT SAUER PANTERA UNIT 0063WA,2022-01-01,21,31,12769,21480,18470
42-317-42235,8671,10263,CHEVRON,VLT SAUER PANTERA UNIT 0063WA,2022-02-01,22,28,10828,18358,15734
42-317-42235,8671,10263,CHEVRON,VLT SAUER PANTERA UNIT 0063WA,2022-03-01,23,31,10634,19283,15524
42-317-42235,8671,10263,CHEVRON,VLT SAUER PANTERA UNIT 0063WA,2022-04-01,24,30,11515,20602,16890
42-317-42235,8671,10263,CHEVRON,VLT SAUER PANTERA UNIT 0063WA,2022-05-01,25,31,9433,17172,13902
42-317-42235,8671,10263,CHEVRON,VLT SAUER PANTERA UNIT 0063WA,2022-06-01,26,30,9277,17319,13737
42-317-42235,8671,10263,CHEVRON,VLT SAUER PANTERA UNIT 0063WA,2022-07-01,27,31,5990,7525,8912
42-317-42235,8671,10263,CHEVRON,VLT SAUER PANTERA UNIT 0063WA,2022-08-01,28,31,8150,8521,12184
42-317-42235,8671,10263,CHEVRON,VLT SAUER PANTERA UNIT 0063WA,2022-09-01,29,30,6147,6936,9233
42-317-41013,8796,9934,LARIO OIL & GAS COMPANY,DOOLITTLE 401WB,2018-05-01,1,31,7937,6861,13016
42-317-41013,8796,9934,LARIO OIL & GAS COMPANY,DOOLITTLE 401WB,2018-06-01,2,30,21685,9161,35395
42-317-41013,8796,9934,LARIO OIL & GAS COMPANY,DOOLITTLE 401WB,2018-07-01,3,31,15038,12396,24430
42-317-41013,8796,9934,LARIO OIL & GAS COMPANY,DOOLITTLE 401WB,2018-08-01,4,31,22832,43192,36916
42-317-41013,8796,9934,LARIO OIL & GAS COMPANY,DOOLITTLE 401WB,2018-09-01,5,30,16324,32753,26269
42-317-41013,8796,9934,LARIO OIL & GAS COMPANY,DOOLITTLE 401WB,2018-10-01,6,31,14206,31568,22754
42-317-41013,8796,9934,LARIO OIL & GAS COMPANY,DOOLITTLE 401WB,2018-11-01,7,30,10134,14776,16155
42-317-41013,8796,9934,LARIO OIL & GAS COMPANY,DOOLITTLE 401WB,2018-12-01,8,31,11182,20136,17743
42-317-41013,8796,9934,LARIO OIL & GAS COMPANY,DOOLITTLE 401WB,2019-01-01,9,31,9303,20458,14691
42-317-41013,8796,9934,LARIO OIL & GAS COMPANY,DOOLITTLE 401WB,2019-02-01,10,28,4189,5639,6585
42-317-41013,8796,9934,LARIO OIL & GAS COMPANY,DOOLITTLE 401WB,2019-03-01,11,31,7696,6574,12043
42-317-41013,8796,9934,LARIO OIL & GAS COMPANY,DOOLITTLE 401WB,2019-04-01,12,30,7328,7389,11413
42-317-41013,8796,9934,LARIO OIL & GAS COMPANY,DOOLITTLE 401WB,2019-05-01,13,31,8160,8327,12650
42-317-41013,8796,9934,LARIO OIL & GAS COMPANY,DOOLITTLE 401WB,2019-06-01,14,30,6619,6579,10213
42-317-41013,8796,9934,LARIO OIL & GAS COMPANY,DOOLITTLE 401WB,2019-07-01,15,31,7145,9116,10972
42-317-41013,8796,9934,LARIO OIL & GAS COMPANY,DOOLITTLE 401WB,2019-08-01,16,31,6218,8659,9503
42-317-41013,8796,9934,LARIO OIL & GAS COMPANY,DOOLITTLE 401WB,2019-09-01,17,30,5756,7306,8756
42-317-41013,8796,9934,LARIO OIL & GAS COMPANY,DOOLITTLE 401WB,2019-10-01,18,31,5369,5428,8129
42-317-41013,8796,9934,LARIO OIL & GAS COMPANY,DOOLITTLE 401WB,2019-11-01,19,30,5432,1578,8186
42-317-41013,8796,9934,LARIO OIL & GAS COMPANY,DOOLITTLE 401WB,2019-12-01,20,31,5609,3558,8413
42-317-41013,8796,9934,LARIO OIL & GAS COMPANY,DOOLITTLE 401WB,2020-01-01,21,31,7752,7213,11572
42-317-41013,8796,9934,LARIO OIL & GAS COMPANY,DOOLITTLE 401WB,2020-02-01,22,29,4584,4251,6811
42-317-41013,8796,9934,LARIO OIL & GAS COMPANY,DOOLITTLE 401WB,2020-03-01,23,31,4997,4471,7390
42-317-41013,8796,9934,LARIO OIL & GAS COMPANY,DOOLITTLE 401WB,2020-04-01,24,30,4467,5375,6576
42-317-41013,8796,9934,LARIO OIL & GAS COMPANY,DOOLITTLE 401WB,2020-05-01,25,31,1464,2047,2145
42-317-41013,8796,9934,LARIO OIL & GAS COMPANY,DOOLITTLE 401WB,2020-06-01,26,30,1584,1217,2310
42-317-41013,8796,9934,LARIO OIL & GAS COMPANY,DOOLITTLE 401WB,2020-07-01,27,31,7047,8633,10228
42-317-41013,8796,9934,LARIO OIL & GAS COMPANY,DOOLITTLE 401WB,2020-08-01,28,31,4386,7209,6336
42-317-41013,8796,9934,LARIO OIL & GAS COMPANY,DOOLITTLE 401WB,2020-09-01,29,30,5296,13026,7614
42-317-41013,8796,9934,LARIO OIL & GAS COMPANY,DOOLITTLE 401WB,2020-10-01,30,31,5406,12846,7736
42-317-41013,8796,9934,LARIO OIL & GAS COMPANY,DOOLITTLE 401WB,2020-11-01,31,30,2790,2605,3974
42-317-41013,8796,9934,LARIO OIL & GAS COMPANY,DOOLITTLE 401WB,2020-12-01,32,31,1094,87,1551
42-317-41013,8796,9934,LARIO OIL & GAS COMPANY,DOOLITTLE 401WB,2021-01-01,33,31,4084,4381,5762
42-317-41013,8796,9934,LARIO OIL & GAS COMPANY,DOOLITTLE 401WB,2021-02-01,34,28,5995,5450,8419
42-317-41013,8796,9934,LARIO OIL & GAS COMPANY,DOOLITTLE 401WB,2021-03-01,35,31,4632,8341,6476
42-317-41013,8796,9934,LARIO OIL & GAS COMPANY,DOOLITTLE 401WB,2021-04-01,36,30,5563,6959,7741
42-317-41013,8796,9934,LARIO OIL & GAS COMPANY,DOOLITTLE 401WB,2021-05-01,37,31,6300,6269,8725
42-317-41013,8796,9934,LARIO OIL & GAS COMPANY,DOOLITTLE 401WB,2021-06-01,38,30,4699,8629,6477
42-317-41013,8796,9934,LARIO OIL & GAS COMPANY,DOOLITTLE 401WB,2021-07-01,39,31,4695,13109,6441
42-317-41013,8796,9934,LARIO OIL & GAS COMPANY,DOOLITTLE 401WB,2021-08-01,40,31,4623,9278,6312
42-317-41013,8796,9934,LARIO OIL & GAS COMPANY,DOOLITTLE 401WB,2021-09-01,41,30,4364,8851,5931
42-317-41013,8796,9934,LARIO OIL & GAS COMPANY,DOOLITTLE 401WB,2021-10-01,42,31,2109,4975,2853
42-317-41013,8796,9934,LARIO OIL & GAS COMPANY,DOOLITTLE 401WB,2021-11-01,43,30,4767,14737,6418
42-317-41013,8796,9934,LARIO OIL & GAS COMPANY,DOOLITTLE 401WB,2021-12-01,44,31,2004,4709,2685
42-317-41013,8796,9934,LARIO OIL & GAS COMPANY,DOOLITTLE 401WB,2022-01-01,45,31,3997,8999,5330
42-317-41013,8796,9934,LARIO OIL & GAS COMPANY,DOOLITTLE 401WB,2022-02-01,46,28,290,791,385
42-317-41013,8796,9934,LARIO OIL & GAS COMPANY,DOOLITTLE 401WB,2022-03-01,47,0,0,0,0
42-317-41013,8796,9934,LARIO OIL & GAS COMPANY,DOOLITTLE 401WB,2022-04-01,48,0,0,0,0
42-317-41013,8796,9934,LARIO OIL & GAS COMPANY,DOOLITTLE 401WB,2022-05-01,49,31,24,0,31
42-317-41013,8796,9934,LARIO OIL & GAS COMPANY,DOOLITTLE 401WB,2022-06-01,50,30,2,25,3
42-317-41013,8796,9934,LARIO OIL & GAS COMPANY,DOOLITTLE 401WB,2022-07-01,51,31,2904,1410,3766
42-317-41013,8796,9934,LARIO OIL & GAS COMPANY,DOOLITTLE 401WB,2022-08-01,52,31,3966,1437,5119
42-317-41013,8796,9934,LARIO OIL & GAS COMPANY,DOOLITTLE 401WB,2022-09-01,53,30,3268,6765,4198
42-317-42221,8734,10281,CHEVRON,VLT MAUSER DIPLOMAT UNIT 0043WA,2020-04-01,1,30,6104,4876,6336
42-317-42221,8734,10281,CHEVRON,VLT MAUSER DIPLOMAT UNIT 0043WA,2020-05-01,2,31,25876,21532,27301
42-317-42221,8734,10281,CHEVRON,VLT MAUSER DIPLOMAT UNIT 0043WA,2020-06-01,3,30,22388,19399,24574
42-317-42221,8734,10281,CHEVRON,VLT MAUSER DIPLOMAT UNIT 0043WA,2020-07-01,4,31,22202,14646,24376
42-317-42221,8734,10281,CHEVRON,VLT MAUSER DIPLOMAT UNIT 0043WA,2020-08-01,5,31,20732,6568,22767
42-317-42221,8734,10281,CHEVRON,VLT MAUSER DIPLOMAT UNIT 0043WA,2020-09-01,6,30,17571,4975,19300
42-317-42221,8734,10281,CHEVRON,VLT MAUSER DIPLOMAT UNIT 0043WA,2020-10-01,7,31,15151,4950,16645
42-317-42221,8734,10281,CHEVRON,VLT MAUSER DIPLOMAT UNIT 0043WA,2020-11-01,8,30,13103,7549,14398
42-317-42221,8734,10281,CHEVRON,VLT MAUSER DIPLOMAT UNIT 0043WA,2020-12-01,9,31,11739,4428,12902
42-317-42221,8734,10281,CHEVRON,VLT MAUSER DIPLOMAT UNIT 0043WA,2021-01-01,10,31,14043,5057,15438
42-317-42221,8734,10281,CHEVRON,VLT MAUSER DIPLOMAT UNIT 0043WA,2021-02-01,11,28,8344,3809,9175
42-317-42221,8734,10281,CHEVRON,VLT MAUSER DIPLOMAT UNIT 0043WA,2021-03-01,12,31,12417,5776,13656
42-317-42221,8734,10281,CHEVRON,VLT MAUSER DIPLOMAT UNIT 0043WA,2021-04-01,13,30,13517,10544,14869
42-317-42221,8734,10281,CHEVRON,VLT MAUSER DIPLOMAT UNIT 0043WA,2021-05-01,14,31,9763,4472,10742
42-317-42221,8734,10281,CHEVRON,VLT MAUSER DIPLOMAT UNIT 0043WA,2021-06-01,15,30,9597,6309,10562
42-317-42221,8734,10281,CHEVRON,VLT MAUSER DIPLOMAT UNIT 0043WA,2021-07-01,16,31,9870,10099,10864
42-317-42221,8734,10281,CHEVRON,VLT MAUSER DIPLOMAT UNIT 0043WA,2021-08-01,17,31,9879,6746,10877
42-317-42221,8734,10281,CHEVRON,VLT MAUSER DIPLOMAT UNIT 0043WA,2021-09-01,18,30,9329,8729,10273
42-317-42221,8734,10281,CHEVRON,VLT MAUSER DIPLOMAT UNIT 0043WA,2021-10-01,19,31,8021,7552,8835
42-317-42221,8734,10281,CHEVRON,VLT MAUSER DIPLOMAT UNIT 0043WA,2021-11-01,20,30,6629,603,7303
42-317-42221,8734,10281,CHEVRON,VLT MAUSER DIPLOMAT UNIT 0043WA,2021-12-01,21,31,3822,2237,4212
42-317-42221,8734,10281,CHEVRON,VLT MAUSER DIPLOMAT UNIT 0043WA,2022-01-01,22,31,6286,3414,6928
42-317-42221,8734,10281,CHEVRON,VLT MAUSER DIPLOMAT UNIT 0043WA,2022-02-01,23,28,5588,1962,6160
42-317-42221,8734,10281,CHEVRON,VLT MAUSER DIPLOMAT UNIT 0043WA,2022-03-01,24,31,5180,232,5712
42-317-42221,8734,10281,CHEVRON,VLT MAUSER DIPLOMAT UNIT 0043WA,2022-04-01,25,30,5468,4775,6031
42-317-42221,8734,10281,CHEVRON,VLT MAUSER DIPLOMAT UNIT 0043WA,2022-05-01,26,31,4922,3422,5430
42-317-42221,8734,10281,CHEVRON,VLT MAUSER DIPLOMAT UNIT 0043WA,2022-06-01,27,30,5337,3656,5889
42-317-42221,8734,10281,CHEVRON,VLT MAUSER DIPLOMAT UNIT 0043WA,2022-07-01,28,31,5739,3672,6334
42-317-42221,8734,10281,CHEVRON,VLT MAUSER DIPLOMAT UNIT 0043WA,2022-08-01,29,31,5105,4448,5635
42-317-42221,8734,10281,CHEVRON,VLT MAUSER DIPLOMAT UNIT 0043WA,2022-09-01,30,30,5068,3450,5596
42-317-42221,8734,10281,CHEVRON,VLT MAUSER DIPLOMAT UNIT 0043WA,2022-10-01,31,31,4217,0,4657
42-317-41663,8483,10326,CHEVRON,VLT BROWNING STALKER UNIT 0013WA,2019-09-01,1,30,44178,25879,23410
42-317-41663,8483,10326,CHEVRON,VLT BROWNING STALKER UNIT 0013WA,2019-10-01,2,31,42384,26660,22820
42-317-41663,8483,10326,CHEVRON,VLT BROWNING STALKER UNIT 0013WA,2019-11-01,3,30,39140,24743,21374
42-317-41663,8483,10326,CHEVRON,VLT BROWNING STALKER UNIT 0013WA,2019-12-01,4,31,31625,22531,17516
42-317-41663,8483,10326,CHEVRON,VLT BROWNING STALKER UNIT 0013WA,2020-01-01,5,31,31013,21552,17425
42-317-41663,8483,10326,CHEVRON,VLT BROWNING STALKER UNIT 0013WA,2020-02-01,6,29,24099,16831,13730
42-317-41663,8483,10326,CHEVRON,VLT BROWNING STALKER UNIT 0013WA,2020-03-01,7,31,24292,18003,14034
42-317-41663,8483,10326,CHEVRON,VLT BROWNING STALKER UNIT 0013WA,2020-04-01,8,30,20954,10556,12278
42-317-41663,8483,10326,CHEVRON,VLT BROWNING STALKER UNIT 0013WA,2020-05-01,9,31,17240,13229,10246
42-317-41663,8483,10326,CHEVRON,VLT BROWNING STALKER UNIT 0013WA,2020-06-01,10,30,17796,13775,10727
42-317-41663,8483,10326,CHEVRON,VLT BROWNING STALKER UNIT 0013WA,2020-07-01,11,31,16042,13212,9807
42-317-41663,8483,10326,CHEVRON,VLT BROWNING STALKER UNIT 0013WA,2020-08-01,12,31,16300,12679,10109
42-317-41663,8483,10326,CHEVRON,VLT BROWNING STALKER UNIT 0013WA,2020-09-01,13,30,13772,9324,8663
42-317-41663,8483,10326,CHEVRON,VLT BROWNING STALKER UNIT 0013WA,2020-10-01,14,31,13883,9770,8857
42-317-41663,8483,10326,CHEVRON,VLT BROWNING STALKER UNIT 0013WA,2020-11-01,15,30,12331,8715,7979
42-317-41663,8483,10326,CHEVRON,VLT BROWNING STALKER UNIT 0013WA,2020-12-01,16,31,12242,8612,8034
42-317-41663,8483,10326,CHEVRON,VLT BROWNING STALKER UNIT 0013WA,2021-01-01,17,31,11291,8162,7517
42-317-41663,8483,10326,CHEVRON,VLT BROWNING STALKER UNIT 0013WA,2021-02-01,18,28,10145,5307,6848
42-317-41663,8483,10326,CHEVRON,VLT BROWNING STALKER UNIT 0013WA,2021-03-01,19,31,1734,790,1187
42-317-41663,8483,10326,CHEVRON,VLT BROWNING STALKER UNIT 0013WA,2021-04-01,20,30,14211,7450,9863
42-317-41663,8483,10326,CHEVRON,VLT BROWNING STALKER UNIT 0013WA,2021-05-01,21,31,13697,6878,9641
42-317-41663,8483,10326,CHEVRON,VLT BROWNING STALKER UNIT 0013WA,2021-06-01,22,30,11503,8843,8212
42-317-41663,8483,10326,CHEVRON,VLT BROWNING STALKER UNIT 0013WA,2021-07-01,23,31,11195,5340,8106
42-317-41663,8483,10326,CHEVRON,VLT BROWNING STALKER UNIT 0013WA,2021-08-01,24,31,211,0,155
42-317-41663,8483,10326,CHEVRON,VLT BROWNING STALKER UNIT 0013WA,2021-09-01,25,30,5134,0,3825
42-317-41663,8483,10326,CHEVRON,VLT BROWNING STALKER UNIT 0013WA,2021-10-01,26,31,10425,7822,7878
42-317-41663,8483,10326,CHEVRON,VLT BROWNING STALKER UNIT 0013WA,2021-11-01,27,30,9951,6445,7626
42-317-41663,8483,10326,CHEVRON,VLT BROWNING STALKER UNIT 0013WA,2021-12-01,28,31,10093,10410,7845
42-317-41663,8483,10326,CHEVRON,VLT BROWNING STALKER UNIT 0013WA,2022-01-01,29,31,9722,9899,7666
42-317-41663,8483,10326,CHEVRON,VLT BROWNING STALKER UNIT 0013WA,2022-02-01,30,28,8395,9306,6711
42-317-41663,8483,10326,CHEVRON,VLT BROWNING STALKER UNIT 0013WA,2022-03-01,31,31,6610,6807,5357
42-317-41663,8483,10326,CHEVRON,VLT BROWNING STALKER UNIT 0013WA,2022-04-01,32,30,8592,6825,7062
42-317-41663,8483,10326,CHEVRON,VLT BROWNING STALKER UNIT 0013WA,2022-05-01,33,31,9891,8531,8246
42-317-41663,8483,10326,CHEVRON,VLT BROWNING STALKER UNIT 0013WA,2022-06-01,34,30,10037,7296,8487
42-317-41663,8483,10326,CHEVRON,VLT BROWNING STALKER UNIT 0013WA,2022-07-01,35,31,9424,6900,8082
42-317-41663,8483,10326,CHEVRON,VLT BROWNING STALKER UNIT 0013WA,2022-08-01,36,31,8611,6132,7492
42-317-41663,8483,10326,CHEVRON,VLT BROWNING STALKER UNIT 0013WA,2022-09-01,37,30,7844,4430,6922
42-317-41663,8483,10326,CHEVRON,VLT BROWNING STALKER UNIT 0013WA,2022-10-01,38,31,5939,3961,5315
42-317-42220,8759,10281,CHEVRON,VLT MAUSER EXPERT UNIT 0042WA,2020-04-01,1,30,5966,4761,5124
42-317-42220,8759,10281,CHEVRON,VLT MAUSER EXPERT UNIT 0042WA,2020-05-01,2,31,27454,21271,28244
42-317-42220,8759,10281,CHEVRON,VLT MAUSER EXPERT UNIT 0042WA,2020-06-01,3,30,25440,16671,23214
42-317-42220,8759,10281,CHEVRON,VLT MAUSER EXPERT UNIT 0042WA,2020-07-01,4,31,23336,12795,21685
42-317-42220,8759,10281,CHEVRON,VLT MAUSER EXPERT UNIT 0042WA,2020-08-01,5,31,18885,7266,17876
42-317-42220,8759,10281,CHEVRON,VLT MAUSER EXPERT UNIT 0042WA,2020-09-01,6,30,17525,6760,16893
42-317-42220,8759,10281,CHEVRON,VLT MAUSER EXPERT UNIT 0042WA,2020-10-01,7,31,15745,7217,15456
42-317-42220,8759,10281,CHEVRON,VLT MAUSER EXPERT UNIT 0042WA,2020-11-01,8,30,16015,7070,16009
42-317-42220,8759,10281,CHEVRON,VLT MAUSER EXPERT UNIT 0042WA,2020-12-01,9,31,14659,2227,14922
42-317-42220,8759,10281,CHEVRON,VLT MAUSER EXPERT UNIT 0042WA,2021-01-01,10,31,11001,0,11408
42-317-42220,8759,10281,CHEVRON,VLT MAUSER EXPERT UNIT 0042WA,2021-02-01,11,28,6663,0,7032
42-317-42220,8759,10281,CHEVRON,VLT MAUSER EXPERT UNIT 0042WA,2021-03-01,12,31,10505,3797,11283
42-317-42220,8759,10281,CHEVRON,VLT MAUSER EXPERT UNIT 0042WA,2021-04-01,13,30,10276,5285,11240
42-317-42220,8759,10281,CHEVRON,VLT MAUSER EXPERT UNIT 0042WA,2021-05-01,14,31,8285,5258,9228
42-317-42220,8759,10281,CHEVRON,VLT MAUSER EXPERT UNIT 0042WA,2021-06-01,15,30,7012,6204,7954
42-317-42220,8759,10281,CHEVRON,VLT MAUSER EXPERT UNIT 0042WA,2021-07-01,16,31,9918,5989,11456
42-317-42220,8759,10281,CHEVRON,VLT MAUSER EXPERT UNIT 0042WA,2021-08-01,17,31,9908,3241,11658
42-317-42220,8759,10281,CHEVRON,VLT MAUSER EXPERT UNIT 0042WA,2021-09-01,18,30,11781,9418,14116
42-317-42220,8759,10281,CHEVRON,VLT MAUSER EXPERT UNIT 0042WA,2021-10-01,19,31,11496,8705,14028
42-317-42220,8759,10281,CHEVRON,VLT MAUSER EXPERT UNIT 0042WA,2021-11-01,20,30,9196,5375,11427
42-317-42220,8759,10281,CHEVRON,VLT MAUSER EXPERT UNIT 0042WA,2021-12-01,21,31,10211,9341,12921
42-317-42220,8759,10281,CHEVRON,VLT MAUSER EXPERT UNIT 0042WA,2022-01-01,22,31,9475,8763,12213
42-317-42220,8759,10281,CHEVRON,VLT MAUSER EXPERT UNIT 0042WA,2022-02-01,23,28,8074,5045,10592
42-317-42220,8759,10281,CHEVRON,VLT MAUSER EXPERT UNIT 0042WA,2022-03-01,24,31,8109,520,10827
42-317-42220,8759,10281,CHEVRON,VLT MAUSER EXPERT UNIT 0042WA,2022-04-01,25,30,9038,11355,12288
42-317-42220,8759,10281,CHEVRON,VLT MAUSER EXPERT UNIT 0042WA,2022-05-01,26,31,6531,6349,9043
42-317-42220,8759,10281,CHEVRON,VLT MAUSER EXPERT UNIT 0042WA,2022-06-01,27,30,1961,820,2765
42-317-42220,8759,10281,CHEVRON,VLT MAUSER EXPERT UNIT 0042WA,2022-07-01,28,31,4353,450,6250
42-317-42220,8759,10281,CHEVRON,VLT MAUSER EXPERT UNIT 0042WA,2022-08-01,29,31,5322,628,7784
42-317-42220,8759,10281,CHEVRON,VLT MAUSER EXPERT UNIT 0042WA,2022-09-01,30,30,5299,219,7893
42-317-42220,8759,10281,CHEVRON,VLT MAUSER EXPERT UNIT 0042WA,2022-10-01,31,31,4708,0,7141
42-317-42684,8463,9904,LARIO OIL & GAS COMPANY,DOOLITTLE 11 203,2020-06-01,1,30,28339,19021,28165
42-317-42684,8463,9904,LARIO OIL & GAS COMPANY,DOOLITTLE 11 203,2020-07-01,2,31,21917,17056,21484
42-317-42684,8463,9904,LARIO OIL & GAS COMPANY,DOOLITTLE 11 203,2020-08-01,3,31,17853,15005,17182
42-317-42684,8463,9904,LARIO OIL & GAS COMPANY,DOOLITTLE 11 203,2020-09-01,4,30,13786,11533,13031
42-317-42684,8463,9904,LARIO OIL & GAS COMPANY,DOOLITTLE 11 203,2020-10-01,5,31,12531,9738,11633
42-317-42684,8463,9904,LARIO OIL & GAS COMPANY,DOOLITTLE 11 203,2020-11-01,6,30,9947,7983,9069
42-317-42684,8463,9904,LARIO OIL & GAS COMPANY,DOOLITTLE 11 203,2020-12-01,7,31,11010,9123,9859
42-317-42684,8463,9904,LARIO OIL & GAS COMPANY,DOOLITTLE 11 203,2021-01-01,8,31,10886,11546,9570
42-317-42684,8463,9904,LARIO OIL & GAS COMPANY,DOOLITTLE 11 203,2021-02-01,9,28,8495,5830,7339
42-317-42684,8463,9904,LARIO OIL & GAS COMPANY,DOOLITTLE 11 203,2021-03-01,10,31,11984,6060,10175
42-317-42684,8463,9904,LARIO OIL & GAS COMPANY,DOOLITTLE 11 203,2021-04-01,11,30,8972,9206,7481
42-317-42684,8463,9904,LARIO OIL & GAS COMPANY,DOOLITTLE 11 203,2021-05-01,12,31,10216,16804,8366
42-317-42684,8463,9904,LARIO OIL & GAS COMPANY,DOOLITTLE 11 203,2021-06-01,13,30,8937,8108,7188
42-317-42684,8463,9904,LARIO OIL & GAS COMPANY,DOOLITTLE 11 203,2021-07-01,14,31,2657,570,2099
42-317-42684,8463,9904,LARIO OIL & GAS COMPANY,DOOLITTLE 11 203,2021-08-01,15,31,833,1924,646
42-317-42684,8463,9904,LARIO OIL & GAS COMPANY,DOOLITTLE 11 203,2021-09-01,16,30,7330,4114,5583
42-317-42684,8463,9904,LARIO OIL & GAS COMPANY,DOOLITTLE 11 203,2021-10-01,17,31,8783,5677,6570
42-317-42684,8463,9904,LARIO OIL & GAS COMPANY,DOOLITTLE 11 203,2021-11-01,18,30,8514,6234,6255
42-317-42684,8463,9904,LARIO OIL & GAS COMPANY,DOOLITTLE 11 203,2021-12-01,19,31,1618,895,1168
42-317-42684,8463,9904,LARIO OIL & GAS COMPANY,DOOLITTLE 11 203,2022-01-01,20,31,1263,1,895
42-317-42684,8463,9904,LARIO OIL & GAS COMPANY,DOOLITTLE 11 203,2022-02-01,21,28,2715,714,1890
42-317-42684,8463,9904,LARIO OIL & GAS COMPANY,DOOLITTLE 11 203,2022-03-01,22,31,4864,1867,3328
42-317-42684,8463,9904,LARIO OIL & GAS COMPANY,DOOLITTLE 11 203,2022-04-01,23,30,17371,14038,11672
42-317-42684,8463,9904,LARIO OIL & GAS COMPANY,DOOLITTLE 11 203,2022-05-01,24,31,7022,5368,4634
42-317-42684,8463,9904,LARIO OIL & GAS COMPANY,DOOLITTLE 11 203,2022-06-01,25,30,5525,4271,3581
42-317-42684,8463,9904,LARIO OIL & GAS COMPANY,DOOLITTLE 11 203,2022-07-01,26,31,4183,2690,2663
42-317-42684,8463,9904,LARIO OIL & GAS COMPANY,DOOLITTLE 11 203,2022-08-01,27,31,3841,275,2400
42-317-42684,8463,9904,LARIO OIL & GAS COMPANY,DOOLITTLE 11 203,2022-09-01,28,30,3725,476,2286
42-317-41049,8578,7372,"VENCER ENERGY, LLC",MCMURRY-CRIM 60 106HA,2018-06-01,1,30,8775,4551,12568
42-317-41049,8578,7372,"VENCER ENERGY, LLC",MCMURRY-CRIM 60 106HA,2018-07-01,2,31,10080,9168,26393
42-317-41049,8578,7372,"VENCER ENERGY, LLC",MCMURRY-CRIM 60 106HA,2018-08-01,3,31,6927,13678,20049
42-317-41049,8578,7372,"VENCER ENERGY, LLC",MCMURRY-CRIM 60 106HA,2018-09-01,4,30,5772,15700,18437
42-317-41049,8578,7372,"VENCER ENERGY, LLC",MCMURRY-CRIM 60 106HA,2018-10-01,5,31,3935,13482,13868
42-317-41049,8578,7372,"VENCER ENERGY, LLC",MCMURRY-CRIM 60 106HA,2018-11-01,6,30,3118,14023,12128
42-317-41049,8578,7372,"VENCER ENERGY, LLC",MCMURRY-CRIM 60 106HA,2018-12-01,7,31,2404,14051,10316
42-317-41049,8578,7372,"VENCER ENERGY, LLC",MCMURRY-CRIM 60 106HA,2019-01-01,8,31,1760,12293,8351
42-317-41049,8578,7372,"VENCER ENERGY, LLC",MCMURRY-CRIM 60 106HA,2019-02-01,9,28,405,2791,2112
42-317-41049,8578,7372,"VENCER ENERGY, LLC",MCMURRY-CRIM 60 106HA,2019-03-01,10,31,697,459,4000
42-317-41049,8578,7372,"VENCER ENERGY, LLC",MCMURRY-CRIM 60 106HA,2019-04-01,11,30,610,1398,3862
42-317-41049,8578,7372,"VENCER ENERGY, LLC",MCMURRY-CRIM 60 106HA,2019-05-01,12,31,1056,4729,7380
42-317-41049,8578,7372,"VENCER ENERGY, LLC",MCMURRY-CRIM 60 106HA,2019-06-01,13,30,833,5443,6422
42-317-41049,8578,7372,"VENCER ENERGY, LLC",MCMURRY-CRIM 60 106HA,2019-07-01,14,31,894,7128,7609
42-317-41049,8578,7372,"VENCER ENERGY, LLC",MCMURRY-CRIM 60 106HA,2019-08-01,15,31,762,8338,7168
42-317-41049,8578,7372,"VENCER ENERGY, LLC",MCMURRY-CRIM 60 106HA,2019-09-01,16,30,509,7044,5290
42-317-41049,8578,7372,"VENCER ENERGY, LLC",MCMURRY-CRIM 60 106HA,2019-10-01,17,31,545,7554,6243
42-317-41049,8578,7372,"VENCER ENERGY, LLC",MCMURRY-CRIM 60 106HA,2019-11-01,18,30,453,8463,5725
42-317-41049,8578,7372,"VENCER ENERGY, LLC",MCMURRY-CRIM 60 106HA,2019-12-01,19,31,426,8936,5939
42-317-41049,8578,7372,"VENCER ENERGY, LLC",MCMURRY-CRIM 60 106HA,2020-01-01,20,31,374,8043,5774
42-317-41049,8578,7372,"VENCER ENERGY, LLC",MCMURRY-CRIM 60 106HA,2020-02-01,21,29,322,8809,5473
42-317-41049,8578,7372,"VENCER ENERGY, LLC",MCMURRY-CRIM 60 106HA,2020-03-01,22,31,266,10580,4974
42-317-41049,8578,7372,"VENCER ENERGY, LLC",MCMURRY-CRIM 60 106HA,2020-04-01,23,30,205,8559,4234
42-317-41049,8578,7372,"VENCER ENERGY, LLC",MCMURRY-CRIM 60 106HA,2020-05-01,24,31,186,8962,4235
42-317-41049,8578,7372,"VENCER ENERGY, LLC",MCMURRY-CRIM 60 106HA,2020-06-01,25,30,137,8596,3450
42-317-41049,8578,7372,"VENCER ENERGY, LLC",MCMURRY-CRIM 60 106HA,2020-07-01,26,31,147,8580,4055
42-317-41049,8578,7372,"VENCER ENERGY, LLC",MCMURRY-CRIM 60 106HA,2020-08-01,27,31,127,8343,3800
42-317-41049,8578,7372,"VENCER ENERGY, LLC",MCMURRY-CRIM 60 106HA,2020-09-01,28,30,85,6680,2726
42-317-41049,8578,7372,"VENCER ENERGY, LLC",MCMURRY-CRIM 60 106HA,2020-10-01,29,31,68,5395,2284
42-317-41049,8578,7372,"VENCER ENERGY, LLC",MCMURRY-CRIM 60 106HA,2020-11-01,30,30,54,5060,1905
42-317-41049,8578,7372,"VENCER ENERGY, LLC",MCMURRY-CRIM 60 106HA,2020-12-01,31,31,55,2879,2006
42-317-41049,8578,7372,"VENCER ENERGY, LLC",MCMURRY-CRIM 60 106HA,2021-01-01,32,31,54,6145,2034
42-317-41049,8578,7372,"VENCER ENERGY, LLC",MCMURRY-CRIM 60 106HA,2021-02-01,33,28,36,5433,1397
42-317-41049,8578,7372,"VENCER ENERGY, LLC",MCMURRY-CRIM 60 106HA,2021-03-01,34,31,47,6411,1845
42-317-41049,8578,7372,"VENCER ENERGY, LLC",MCMURRY-CRIM 60 106HA,2021-04-01,35,30,36,5823,1406
42-317-41049,8578,7372,"VENCER ENERGY, LLC",MCMURRY-CRIM 60 106HA,2021-05-01,36,31,35,7609,1405
42-317-41049,8578,7372,"VENCER ENERGY, LLC",MCMURRY-CRIM 60 106HA,2021-06-01,37,30,30,8305,1201
42-317-41049,8578,7372,"VENCER ENERGY, LLC",MCMURRY-CRIM 60 106HA,2021-07-01,38,31,25,8155,1008
42-317-41049,8578,7372,"VENCER ENERGY, LLC",MCMURRY-CRIM 60 106HA,2021-08-01,39,31,20,8290,825
42-317-41049,8578,7372,"VENCER ENERGY, LLC",MCMURRY-CRIM 60 106HA,2021-09-01,40,30,16,5934,632
42-317-41049,8578,7372,"VENCER ENERGY, LLC",MCMURRY-CRIM 60 106HA,2021-10-01,41,31,16,7556,642
42-317-41049,8578,7372,"VENCER ENERGY, LLC",MCMURRY-CRIM 60 106HA,2021-11-01,42,30,13,7114,536
42-317-41049,8578,7372,"VENCER ENERGY, LLC",MCMURRY-CRIM 60 106HA,2021-12-01,43,31,10,7239,392
42-317-41049,8578,7372,"VENCER ENERGY, LLC",MCMURRY-CRIM 60 106HA,2022-01-01,44,31,8,5917,341
42-317-41049,8578,7372,"VENCER ENERGY, LLC",MCMURRY-CRIM 60 106HA,2022-02-01,45,28,8,5889,309
42-317-41049,8578,7372,"VENCER ENERGY, LLC",MCMURRY-CRIM 60 106HA,2022-03-01,46,31,8,6365,317
42-317-41049,8578,7372,"VENCER ENERGY, LLC",MCMURRY-CRIM 60 106HA,2022-04-01,47,30,6,6847,264
42-317-41049,8578,7372,"VENCER ENERGY, LLC",MCMURRY-CRIM 60 106HA,2022-05-01,48,31,3,5781,121
42-317-41049,8578,7372,"VENCER ENERGY, LLC",MCMURRY-CRIM 60 106HA,2022-06-01,49,30,3,4061,114
42-317-41049,8578,7372,"VENCER ENERGY, LLC",MCMURRY-CRIM 60 106HA,2022-07-01,50,31,2,3190,99
42-317-41049,8578,7372,"VENCER ENERGY, LLC",MCMURRY-CRIM 60 106HA,2022-08-01,51,31,3,4572,133
42-317-41049,8578,7372,"VENCER ENERGY, LLC",MCMURRY-CRIM 60 106HA,2022-09-01,52,30,3,4506,120
42-317-41049,8578,7372,"VENCER ENERGY, LLC",MCMURRY-CRIM 60 106HA,2022-10-01,53,31,3,4107,113
42-317-41394,8789,10325,EXXON,LENORAH 1-23 0613AH,2018-12-01,1,31,5730,2820,8187
42-317-41394,8789,10325,EXXON,LENORAH 1-23 0613AH,2019-01-01,2,31,9801,6635,14017
42-317-41394,8789,10325,EXXON,LENORAH 1-23 0613AH,2019-02-01,3,28,10719,9518,15350
42-317-41394,8789,10325,EXXON,LENORAH 1-23 0613AH,2019-03-01,4,31,18028,14138,25849
42-317-41394,8789,10325,EXXON,LENORAH 1-23 0613AH,2019-04-01,5,30,18841,29060,27051
42-317-41394,8789,10325,EXXON,LENORAH 1-23 0613AH,2019-05-01,6,31,17828,28432,25630
42-317-41394,8789,10325,EXXON,LENORAH 1-23 0613AH,2019-06-01,7,30,13845,24729,19931
42-317-41394,8789,10325,EXXON,LENORAH 1-23 0613AH,2019-07-01,8,31,13099,22550,18881
42-317-41394,8789,10325,EXXON,LENORAH 1-23 0613AH,2019-08-01,9,31,10684,25133,15421
42-317-41394,8789,10325,EXXON,LENORAH 1-23 0613AH,2019-09-01,10,30,8209,24038,11865
42-317-41394,8789,10325,EXXON,LENORAH 1-23 0613AH,2019-10-01,11,31,7713,25563,11162
42-317-41394,8789,10325,EXXON,LENORAH 1-23 0613AH,2019-11-01,12,30,6362,21932,9219
42-317-41394,8789,10325,EXXON,LENORAH 1-23 0613AH,2019-12-01,13,31,8095,16966,11746
42-317-41394,8789,10325,EXXON,LENORAH 1-23 0613AH,2020-01-01,14,31,8040,24139,11682
42-317-41394,8789,10325,EXXON,LENORAH 1-23 0613AH,2020-02-01,15,29,5879,18423,8553
42-317-41394,8789,10325,EXXON,LENORAH 1-23 0613AH,2020-03-01,16,31,6838,22473,9962
42-317-41394,8789,10325,EXXON,LENORAH 1-23 0613AH,2020-04-01,17,30,3027,12664,4415
42-317-41394,8789,10325,EXXON,LENORAH 1-23 0613AH,2020-05-01,18,31,5581,20865,8152
42-317-41394,8789,10325,EXXON,LENORAH 1-23 0613AH,2020-06-01,19,30,5059,18949,7399
42-317-41394,8789,10325,EXXON,LENORAH 1-23 0613AH,2020-07-01,20,31,5219,20751,7643
42-317-41394,8789,10325,EXXON,LENORAH 1-23 0613AH,2020-08-01,21,31,4960,20944,7274
42-317-41394,8789,10325,EXXON,LENORAH 1-23 0613AH,2020-09-01,22,30,4340,20435,6373
42-317-41394,8789,10325,EXXON,LENORAH 1-23 0613AH,2020-10-01,23,31,3210,20401,4720
42-317-41394,8789,10325,EXXON,LENORAH 1-23 0613AH,2020-11-01,24,30,3065,17151,4512
42-317-41394,8789,10325,EXXON,LENORAH 1-23 0613AH,2020-12-01,25,31,2400,12024,3539
42-317-41394,8789,10325,EXXON,LENORAH 1-23 0613AH,2021-01-01,26,31,2819,12470,4161
42-317-41394,8789,10325,EXXON,LENORAH 1-23 0613AH,2021-02-01,27,28,1335,12420,1973
42-317-41394,8789,10325,EXXON,LENORAH 1-23 0613AH,2021-03-01,28,31,2938,12499,4348
42-317-41394,8789,10325,EXXON,LENORAH 1-23 0613AH,2021-04-01,29,30,2992,15487,4434
42-317-41394,8789,10325,EXXON,LENORAH 1-23 0613AH,2021-05-01,30,31,2844,13814,4221
42-317-41394,8789,10325,EXXON,LENORAH 1-23 0613AH,2021-06-01,31,30,3137,15276,4661
42-317-41394,8789,10325,EXXON,LENORAH 1-23 0613AH,2021-07-01,32,31,3092,18159,4601
42-317-41394,8789,10325,EXXON,LENORAH 1-23 0613AH,2021-08-01,33,31,2855,18119,4254
42-317-41394,8789,10325,EXXON,LENORAH 1-23 0613AH,2021-09-01,34,30,2324,17237,3467
42-317-41394,8789,10325,EXXON,LENORAH 1-23 0613AH,2021-10-01,35,31,2677,14264,3999
42-317-41394,8789,10325,EXXON,LENORAH 1-23 0613AH,2021-11-01,36,30,2171,11994,3247
42-317-41394,8789,10325,EXXON,LENORAH 1-23 0613AH,2021-12-01,37,31,2481,19386,3716
42-317-41394,8789,10325,EXXON,LENORAH 1-23 0613AH,2022-01-01,38,31,1971,16750,2956
42-317-41394,8789,10325,EXXON,LENORAH 1-23 0613AH,2022-02-01,39,28,1505,45607,2260
42-317-41394,8789,10325,EXXON,LENORAH 1-23 0613AH,2022-03-01,40,31,1173,6018,1763
42-317-41394,8789,10325,EXXON,LENORAH 1-23 0613AH,2022-04-01,41,30,1991,6302,2998
42-317-41394,8789,10325,EXXON,LENORAH 1-23 0613AH,2022-05-01,42,31,2509,5789,3783
42-317-41394,8789,10325,EXXON,LENORAH 1-23 0613AH,2022-06-01,43,30,1968,6212,2971
42-317-41394,8789,10325,EXXON,LENORAH 1-23 0613AH,2022-07-01,44,31,1367,12791,2066
42-317-41394,8789,10325,EXXON,LENORAH 1-23 0613AH,2022-08-01,45,31,2525,13044,3821
42-317-41394,8789,10325,EXXON,LENORAH 1-23 0613AH,2022-09-01,46,30,412,4191,625
42-317-41394,8789,10325,EXXON,LENORAH 1-23 0613AH,2022-10-01,47,31,61,1954,92
42-317-41394,8789,10325,EXXON,LENORAH 1-23 0613AH,2022-11-01,48,30,21,788,32
42-317-43641,8667,10431,EXXON,STRAIN 19 UNIT 1&2 ALLOC 1933 1913AH,2022-06-01,1,30,4724,1103,6929
42-317-43641,8667,10431,EXXON,STRAIN 19 UNIT 1&2 ALLOC 1933 1913AH,2022-07-01,2,31,25065,21477,36837
42-317-43641,8667,10431,EXXON,STRAIN 19 UNIT 1&2 ALLOC 1933 1913AH,2022-08-01,3,31,21192,14310,31261
42-317-43641,8667,10431,EXXON,STRAIN 19 UNIT 1&2 ALLOC 1933 1913AH,2022-09-01,4,30,19767,11291,29267
42-317-43641,8667,10431,EXXON,STRAIN 19 UNIT 1&2 ALLOC 1933 1913AH,2022-10-01,5,31,29555,19910,43918
42-317-43641,8667,10431,EXXON,STRAIN 19 UNIT 1&2 ALLOC 1933 1913AH,2022-11-01,6,30,26953,20063,40198